5	1
5.00002	2
5.00007	3
5.0002	4
5.00075	5
5.00305	6
5.00727	7
5.01362	8
5.02256	9
5.03455	10
5.0501	11
5.06977	12
5.09412	13
5.12374	14
5.15921	15
5.20111	16
5.25005	17
5.3066	18
5	1
5.00002	2
5.00007	3
5.0002	4
5.00075	5
5.00305	6
5.00727	7
5.01362	8
5.02256	9
5.03455	10
5.0501	11
5.06977	12
5.09412	13
5.12374	14
5.15921	15
5.20111	16
5.25005	17
5.3066	18
5.37134	19
5.44482	20
5.52756	21
5.62007	22
5.7228	23
5.83614	24
5.96045	25
6.09598	26
6.2429	27
6.40128	28
6.57106	29
6.75187	30
6.94337	31
7.14512	32
7.35654	33
7.57694	34
7.80552	35
8.04133	36
8.28344	37
8.53092	38
8.78284	39
9.03828	40
9.29638	41
9.55633	42
9.81739	43
10.0789	44
10.3402	45
10.6009	46
10.8605	47
11.1186	48
11.3749	49
11.6292	50
11.8812	51
12.131	52
12.3785	53
12.6236	54
12.8665	55
13.1072	56
13.3458	57
13.5823	58
13.8168	59
14.0494	60
14.2801	61
14.5091	62
14.7363	63
14.9619	64
15.186	65
15.4085	66
15.6295	67
15.849	68
16.0672	69
16.284	70
16.4995	71
16.7137	72
16.9266	73
17.1382	74
17.3486	75
17.5579	76
17.7659	77
17.9728	78
18.1785	79
18.3831	80
18.5866	81
18.789	82
18.9902	83
19.1904	84
19.3896	85
19.5876	86
19.7847	87
19.9806	88
20.1752	89
20.1752	90
20.1752	91
20.1752	92
20.1752	93
20.1752	94
20.1752	95
20.1752	96
20.1752	97
20.1752	98
20.1752	99
20.1752	100
20.1752	101
20.1752	101.5
20.1752	102
20.1752	102.5
20.1752	103
20.1752	103.5
20.1752	104
20.1752	104.5
20.1752	105
20.1752	105.5
20.1752	106
20.1752	106.5
20.1752	107
20.1752	107.5
20.1752	108
20.1752	108.5
20.1752	109
20.1752	109.5
20.1752	110
20.1752	110.5
20.1752	111
20.1752	111.5
20.1752	112
20.1752	112.5
20.1752	113
20.1752	113.5
20.1752	114
20.1752	114.5
20.1752	115
20.1752	115.5
20.1752	116
20.1752	116.5
20.1752	117
20.1752	117.5
20.1752	118
20.1752	118.5
20.1752	119
20.1752	119.5
20.1752	120
20.1752	120.5
20.1752	121
20.1752	121.5
20.1752	122
20.1752	122.5
20.1752	123
20.1752	123.5
20.1752	124
20.1752	124.5
20.1752	125
20.1752	125.5
20.1752	126
20.1752	126.5
20.1752	127
20.1752	127.5
20.1752	128
20.1752	128.5
20.1752	129
20.1752	129.5
20.1752	130
20.1752	130.5
20.1752	131
20.1752	131.5
20.1752	132
20.1752	132.5
20.1752	133
20.1752	133.5
20.1752	134
20.1752	134.5
20.1752	135
20.1752	135.5
20.1752	136
20.1752	136.5
20.1752	137
20.1752	137.5
20.1752	138
20.1752	138.5
20.1752	139
20.1752	139.5
20.1752	140
20.1752	140.5
20.1752	141
20.1752	141.5
20.1752	142
20.1752	142.5
20.1752	143
20.1752	143.5
20.1752	144
20.1752	144.5
20.1752	145
20.1752	145.5
20.1752	146
20.1752	146.5
20.1752	147
20.1752	147.5
20.1752	148
20.1752	148.5
20.1752	149
20.1752	149.5
20.1752	150
20.1752	150.5
20.1752	151
20.1752	151.5
20.1752	152
20.1752	152.5
20.1752	153
20.1752	153.5
20.1752	154
20.1752	154.5
20.1752	155
20.1752	155.5
20.1752	156
20.1752	156.5
20.1752	157
20.1752	157.5
20.1752	158
20.1752	158.5
20.1752	159
20.1752	159.5
20.1752	160
20.1752	160.5
20.1752	161
20.1752	161.5
20.1752	162
20.1752	162.5
20.1752	163
20.1752	163.5
20.1752	164
20.1752	164.5
20.1752	165
20.1752	165.5
20.1752	166
20.1752	166.5
20.1752	167
20.1752	167.5
20.1752	168
20.1752	168.5
20.1752	169
20.1752	169.5
20.1752	170
20.1752	170.5
20.1752	171
20.1752	171.5
20.1752	172
20.1752	172.5
20.1752	173
20.1752	173.5
20.1752	174
20.1752	174.5
20.1752	175
20.1752	175.5
20.1752	176
20.1752	176.5
20.1752	177
20.1752	177.5
20.1752	178
20.1752	178.5
20.1752	179
20.1752	179.5
20.1752	180
20.1752	180.5
20.1752	181
20.1752	181.5
20.1752	182
20.1752	182.5
20.1752	183
20.1752	183.5
20.1752	184
20.1752	184.5
20.1752	185
20.1752	185.5
20.1752	186
20.1752	186.5
20.1752	187
20.1752	187.5
20.1752	188
20.1752	188.5
20.1752	189
20.1752	189.5
20.1752	190
20.1752	190.5
20.1752	191
20.1752	191.5
20.1752	192
20.1752	192.5
20.1752	193
20.1752	193.5
20.1752	194
20.1752	194.5
20.1752	195
20.1752	195.5
20.1752	196
20.1752	196.5
20.1752	197
20.1752	197.5
20.1752	198
20.1752	198.5
20.1752	199
20.1752	199.5
20.1752	200
20.1752	200.5
20.1752	201
20.1752	201.5
20.1752	202
20.1752	202.5
20.1752	203
20.1752	203.5
20.1752	204
20.1752	204.5
20.1752	205
20.1752	205.5
20.1752	206
20.1752	206.5
20.1752	207
20.1752	207.5
20.1752	208
20.1752	208.5
20.1752	209
20.1752	209.5
20.1752	210
20.1752	210.5
20.1752	211
20.1752	211.5
20.1752	212
20.1752	212.5
20.1752	213
20.1752	213.5
20.1752	214
20.1752	214.5
20.1752	215
20.1752	215.5
20.1752	216
20.1752	216.5
20.1752	217
20.1752	217.5
20.1752	218
20.1752	218.5
20.1752	219
20.1752	219.5
20.1752	220
20.1752	220.5
20.1752	221
20.1752	221.5
20.1752	222
20.1752	222.5
20.1752	223
20.1752	223.5
20.1752	224
20.1752	224.5
20.1752	225
20.1752	225.5
20.1752	226
20.1752	226.5
20.1752	227
20.1752	227.5
20.1752	228
20.1752	228.5
20.1752	229
20.1752	229.5
20.1752	230
20.1752	230.5
20.1752	231
20.1752	231.5
20.1752	232
20.1752	232.5
20.1752	233
20.1752	233.5
20.1752	234
20.1752	234.5
20.1752	235
20.1752	235.5
20.1752	236
20.1752	236.5
20.1752	237
20.1752	237.5
20.1752	238
20.1752	238.5
20.1752	239
20.1752	239.5
20.1752	240
20.1752	240.5
20.1752	241
20.1752	241.5
20.1752	242
20.1752	242.5
20.1752	243
20.1752	243.5
20.1752	244
20.1752	244.5
20.1752	245
20.1752	245.5
20.1752	246
20.1752	246.5
20.1752	247
20.1752	247.5
20.1752	248
20.1752	248.5
20.1752	249
20.1752	249.5
20.1752	250
20.1752	250.5
20.1752	251
20.1752	251.5
20.1752	252
20.1752	252.5
20.1752	253
20.1752	253.5
20.1752	254
20.1752	254.5
20.1752	255
20.1752	255.5
20.1752	256
20.1752	256.5
20.1752	257
20.1752	257.5
20.1752	258
20.1752	258.5
20.1752	259
20.1752	259.5
20.1752	260
20.1752	260.5
20.1752	261
20.1752	261.5
20.1752	262
20.1752	262.5
20.1752	263
20.1752	263.5
20.1752	264
20.1752	264.5
20.1752	265
20.1752	265.5
20.1752	266
20.1752	266.5
20.1752	267
20.1752	267.5
20.1752	268
20.1752	268.5
20.1752	269
20.1752	269.5
20.1752	270
20.1752	270.5
20.1752	271
20.1752	271.5
20.1752	272
20.1752	272.5
20.1752	273
20.1752	273.5
20.1752	274
20.1752	274.5
20.1752	275
20.1752	275.5
20.1752	276
20.1752	276.5
20.1752	277
20.1752	277.5
20.1752	278
20.1752	278.5
20.1752	279
20.1752	279.5
20.1752	280
20.1752	280.5
20.1752	281
20.1752	281.5
20.1752	282
20.1752	282.5
20.1752	283
20.1752	283.5
20.1752	284
20.1752	284.5
20.1752	285
20.1752	285.5
20.1752	286
20.1752	286.5
20.1752	287
20.1752	287.5
20.1752	288
20.1752	288.5
20.1752	289
20.1752	289.5
20.1752	290
20.1752	290.5
20.1752	291
20.1752	291.5
20.1752	292
20.1752	292.5
20.1752	293
20.1752	293.5
20.1752	294
20.1752	294.5
20.1752	295
20.1752	295.5
20.1752	296
20.1752	296.5
20.1752	297
20.1752	297.5
20.1752	298
20.1752	298.5
20.1752	299
20.1752	299.5
20.1752	300
20.1752	300.5
20.1752	301
20.1752	301.5
20.1752	302
20.1752	302.5
20.1752	303
20.1752	303.5
20.1752	304
20.1752	304.5
20.1752	305
20.1752	305.5
20.1752	306
20.1752	306.5
20.1752	307
20.1752	307.5
20.1752	308
20.1752	308.5
20.1752	309
20.1752	309.5
20.1752	310
20.1752	310.5
20.1752	311
20.1752	311.5
20.1752	312
20.1752	312.5
20.1752	313
20.1752	313.5
20.1752	314
20.1752	314.5
20.1752	315
20.1752	315.5
20.1752	316
20.1752	316.5
20.1752	317
20.1752	317.5
20.1752	318
20.1752	318.5
20.1752	319
20.1752	319.5
20.1752	320
20.1752	320.5
20.1752	321
20.1752	321.5
20.1752	322
20.1752	322.5
20.1752	323
20.1752	323.5
20.1752	324
20.1752	324.5
20.1752	325
20.1752	325.5
20.1752	326
20.1752	326.5
20.1752	327
20.1752	327.5
20.1752	328
20.1752	328.5
20.1752	329
20.1752	329.5
20.1752	330
20.1752	330.5
20.1752	331
20.1752	331.5
20.1752	332
20.1752	332.5
20.1752	333
20.1752	333.5
20.1752	334
20.1752	334.5
20.1752	335
20.1752	335.5
20.1752	336
20.1752	336.5
20.1752	337
20.1752	337.5
20.1752	338
20.1752	338.5
20.1752	339
20.1752	339.5
20.1752	340
20.1752	340.5
20.1752	341
20.1752	341.5
20.1752	342
20.1752	342.5
20.1752	343
20.1752	343.5
20.1752	344
20.1752	344.5
20.1752	345
20.1752	345.5
20.1752	346
20.1752	346.5
20.1752	347
20.1752	347.5
20.1752	348
20.1752	348.5
20.1752	349
20.1752	349.5
20.1752	350
20.1752	350.5
20.1752	351
20.1752	351.5
20.1752	352
20.1752	352.5
20.1752	353
20.1752	353.5
20.1752	354
20.1752	354.5
20.1752	355
20.1752	355.5
20.1752	356
20.1752	356.5
20.1752	357
20.1752	357.5
20.1752	358
20.1752	358.5
20.1752	359
20.1752	359.5
20.1752	360
20.1752	360.5
20.1752	361
20.1752	361.5
20.1752	362
20.1752	362.5
20.1752	363
20.1752	363.5
20.1752	364
20.1752	364.5
20.1752	365
20.1752	365.5
20.1752	366
20.1752	366.5
20.1752	367
20.1752	367.5
20.1752	368
20.1752	368.5
20.1752	369
20.1752	369.5
20.1752	370
20.1752	370.5
20.1752	371
20.1752	371.5
20.1752	372
20.1752	372.5
20.1752	373
20.1752	373.5
20.1752	374
20.1752	374.5
20.1752	375
20.1752	375.5
20.1752	376
20.1752	376.5
20.1752	377
20.1752	377.5
20.1752	378
20.1752	378.5
20.1752	379
20.1752	379.5
20.1752	380
20.1752	380.5
20.1752	381
20.1752	381.5
20.1752	382
20.1752	382.5
20.1752	383
20.1752	383.5
20.1752	384
20.1752	384.5
20.1752	385
20.1752	385.5
20.1752	386
20.1752	386.5
20.1752	387
20.1752	387.5
20.1752	388
20.1752	388.5
20.1752	389
20.1752	389.5
20.1752	390
20.1752	390.5
20.1752	391
20.1752	391.5
20.1752	392
20.1752	392.5
20.1752	393
20.1752	393.5
20.1752	394
20.1752	394.5
20.1752	395
20.1752	395.5
20.1752	396
20.1752	396.5
20.1752	397
20.1752	397.5
20.1752	398
20.1752	398.5
20.1752	399
20.1752	399.5
20.1752	400
20.1752	400.5
20.1752	401
20.1752	401.5
20.1752	402
20.1752	402.5
20.1752	403
20.1752	403.5
20.1752	404
20.1752	404.5
20.1752	405
20.1752	405.5
20.1752	406
20.1752	406.5
20.1752	407
20.1752	407.5
20.1752	408
20.1752	408.5
20.1752	409
20.1752	409.5
20.1752	410
20.1752	410.5
20.1752	411
20.1752	411.5
20.1752	412
20.1752	412.5
20.1752	413
20.1752	413.5
20.1752	414
20.1752	414.5
20.1752	415
20.1752	415.5
20.1752	416
20.1752	416.5
20.1752	417
20.1752	417.5
20.1752	418
20.1752	418.5
20.1752	419
20.1752	419.5
20.1752	420
20.1752	420.5
20.1752	421
20.1752	421.5
20.1752	422
20.1752	422.5
20.1752	423
20.1752	423.5
20.1752	424
20.1752	424.5
20.1752	425
20.1752	425.5
20.1752	426
20.1752	426.5
20.1752	427
20.1752	427.5
20.1752	428
20.1752	428.5
20.1752	429
20.1752	429.5
20.1752	430
20.1752	430.5
20.1752	431
20.1752	431.5
20.1752	432
20.1752	432.5
20.1752	433
20.1752	433.5
20.1752	434
20.1752	434.5
20.1752	435
20.1752	435.5
20.1752	436
20.1752	436.5
20.1752	437
20.1752	437.5
20.1752	438
20.1752	438.5
20.1752	439
20.1752	439.5
20.1752	440
20.1752	440.5
20.1752	441
20.1752	441.5
20.1752	442
20.1752	442.5
20.1752	443
20.1752	443.5
20.1752	444
20.1752	444.5
20.1752	445
20.1752	445.5
20.1752	446
20.1752	446.5
20.1752	447
20.1752	447.5
20.1752	448
20.1752	448.5
20.1752	449
20.1752	449.5
20.1752	450
20.1752	450.5
20.1752	451
20.1752	451.5
20.1752	452
20.1752	452.5
20.1752	453
20.1752	453.5
20.1752	454
20.1752	454.5
20.1752	455
20.1752	455.5
20.1752	456
20.1752	456.5
20.1752	457
20.1752	457.5
20.1752	458
20.1752	458.5
20.1752	459
20.1752	459.5
20.1752	460
20.1752	460.5
20.1752	461
20.1752	461.5
20.1752	462
20.1752	462.5
20.1752	463
20.1752	463.5
20.1752	464
20.1752	464.5
20.1752	465
20.1752	465.5
20.1752	466
20.1752	466.5
20.1752	467
20.1752	467.5
20.1752	468
20.1752	468.5
20.1752	469
20.1752	469.5
20.1752	470
20.1752	470.5
20.1752	471
20.1752	471.5
20.1752	472
20.1752	472.5
20.1752	473
20.1752	473.5
20.1752	474
20.1752	474.5
20.1752	475
20.1752	475.5
20.1752	476
20.1752	476.5
20.1752	477
20.1752	477.5
20.1752	478
20.1752	478.5
20.1752	479
20.1752	479.5
20.1752	480
20.1752	480.5
20.1752	481
20.1752	481.5
20.1752	482
20.1752	482.5
20.1752	483
20.1752	483.5
20.1752	484
20.1752	484.5
20.1752	485
20.1752	485.5
20.1752	486
20.1752	486.5
20.1752	487
20.1752	487.5
20.1752	488
20.1752	488.5
20.1752	489
20.1752	489.5
20.1752	490
20.1752	490.5
20.1752	491
20.1752	491.5
20.1752	492
20.1752	492.5
20.1752	493
20.1752	493.5
20.1752	494
20.1752	494.5
20.1752	495
20.1752	495.5
20.1752	496
20.1752	496.5
20.1752	497
20.1752	497.5
20.1752	498
20.1752	498.5
20.1752	499
20.1752	499.5
20.1752	500
20.1752	500.5
20.1752	501
20.1752	501.5
20.1752	502
20.1752	502.5
20.1752	503
20.1752	503.5
20.1752	504
20.1752	504.5
20.1752	505
20.1752	505.5
20.1752	506
20.1752	506.5
20.1752	507
20.1752	507.5
20.1752	508
20.1752	508.5
20.1752	509
20.1752	509.5
20.1752	510
20.1752	510.5
20.1752	511
20.1752	511.5
20.1752	512
20.1752	512.5
20.1752	513
20.1752	513.5
20.1752	514
20.1752	514.5
20.1752	515
20.1752	515.5
20.1752	516
20.1752	516.5
20.1752	517
20.1752	517.5
20.1752	518
20.1752	518.5
20.1752	519
20.1752	519.5
20.1752	520
20.1752	520.5
20.1752	521
20.1752	521.5
20.1752	522
20.1752	522.5
20.1752	523
20.1752	523.5
20.1752	524
20.1752	524.5
20.1752	525
20.1752	525.5
20.1752	526
20.1752	526.5
20.1752	527
20.1752	527.5
20.1752	528
20.1752	528.5
20.1752	529
20.1752	529.5
20.1752	530
20.1752	530.5
20.1752	531
20.1752	531.5
20.1752	532
20.1752	532.5
20.1752	533
20.1752	533.5
20.1752	534
20.1752	534.5
20.1752	535
20.1752	535.5
20.1752	536
20.1752	536.5
20.1752	537
20.1752	537.5
20.1752	538
20.1752	538.5
20.1752	539
20.1752	539.5
20.1752	540
20.1752	540.5
20.1752	541
20.1752	541.5
20.1752	542
20.1752	542.5
20.1752	543
20.1752	543.5
20.1752	544
20.1752	544.5
20.1752	545
20.1752	545.5
20.1752	546
20.1752	546.5
20.1752	547
20.1752	547.5
20.1752	548
20.1752	548.5
20.1752	549
20.1752	549.5
20.1752	550
20.1752	550.5
20.1752	551
20.1752	551.5
20.1752	552
20.1752	552.5
20.1752	553
20.1752	553.5
20.1752	554
20.1752	554.5
20.1752	555
20.1752	555.5
20.1752	556
20.1752	556.5
20.1752	557
20.1752	557.5
20.1752	558
20.1752	558.5
20.1752	559
20.1752	559.5
20.1752	560
20.1752	560.5
20.1752	561
20.1752	561.5
20.1752	562
20.1752	562.5
20.1752	563
20.1752	563.5
20.1752	564
20.1752	564.5
20.1752	565
20.1752	565.5
20.1752	566
20.1752	566.5
20.1752	567
20.1752	567.5
20.1752	568
20.1752	568.5
20.1752	569
20.1752	569.5
20.1752	570
20.1752	570.5
20.1752	571
20.1752	571.5
20.1752	572
20.1752	572.5
20.1752	573
20.1752	573.5
20.1752	574
20.1752	574.5
20.1752	575
20.1752	575.5
20.1752	576
20.1752	576.5
20.1752	577
20.1752	577.5
20.1752	578
20.1752	578.5
20.1752	579
20.1752	579.5
20.1752	580
20.1752	580.5
20.1752	581
20.1752	581.5
20.1752	582
20.1752	582.5
20.1752	583
20.1752	583.5
20.1752	584
20.1752	584.5
20.1752	585
20.1752	585.5
20.1752	586
20.1752	586.5
20.1752	587
20.1752	587.5
20.1752	588
20.1752	588.5
20.1752	589
20.1752	589.5
20.1752	590
20.1752	590.5
20.1752	591
20.1752	591.5
20.1752	592
20.1752	592.5
20.1752	593
20.1752	593.5
20.1752	594
20.1752	594.5
20.1752	595
20.1752	595.5
20.1752	596
20.1752	596.5
20.1752	597
20.1752	597.5
20.1752	598
20.1752	598.5
20.1752	599
20.1752	599.5
20.1752	600
20.1752	600.5
20.1752	601
20.1752	601.5
20.1752	602
20.1752	602.5
20.1752	603
20.1752	603.5
20.1752	604
20.1752	604.5
20.1752	605
20.1752	605.5
20.1752	606
20.1752	606.5
20.1752	607
20.1752	607.5
20.1752	608
20.1752	608.5
20.1752	609
20.1752	609.5
20.1752	610
20.1752	610.5
20.1752	611
20.1752	611.5
20.1752	612
20.1752	612.5
20.1752	613
20.1752	613.5
20.1752	614
20.1752	614.5
20.1752	615
20.1752	615.5
20.1752	616
20.1752	616.5
20.1752	617
20.1752	617.5
20.1752	618
20.1752	618.5
20.1752	619
20.1752	619.5
20.1752	620
20.1752	620.5
20.1752	621
20.1752	621.5
20.1752	622
20.1752	622.5
20.1752	623
20.1752	623.5
20.1752	624
20.1752	624.5
20.1752	625
20.1752	625.5
20.1752	626
20.1752	626.5
20.1752	627
20.1752	627.5
20.1752	628
20.1752	628.5
20.1752	629
20.1752	629.5
20.1752	630
20.1752	630.5
20.1752	631
20.1752	631.5
20.1752	632
20.1752	632.5
20.1752	633
20.1752	633.5
20.1752	634
20.1752	634.5
20.1752	635
20.1752	635.5
20.1752	636
20.1752	636.5
20.1752	637
20.1752	637.5
20.1752	638
20.1752	638.5
20.1752	639
20.1752	639.5
20.1752	640
20.1752	640.5
20.1752	641
20.1752	641.5
20.1752	642
20.1752	642.5
20.1752	643
20.1752	643.5
20.1752	644
20.1752	644.5
20.1752	645
20.1752	645.5
20.1752	646
20.1752	646.5
20.1752	647
20.1752	647.5
20.1752	648
20.1752	648.5
20.1752	649
20.1752	649.5
20.1752	650
20.1752	650.5
20.1752	651
20.1752	651.5
20.1752	652
20.1752	652.5
20.1752	653
20.1752	653.5
20.1752	654
20.1752	654.5
20.1752	655
20.1752	655.5
20.1752	656
20.1752	656.5
20.1752	657
20.1752	657.5
20.1752	658
20.1752	658.5
20.1752	659
20.1752	659.5
20.1752	660
20.1752	660.5
20.1752	661
20.1752	661.5
20.1752	662
20.1752	662.5
20.1752	663
20.1752	663.5
20.1752	664
20.1752	664.5
20.1752	665
20.1752	665.5
20.1752	666
20.1752	666.5
20.1752	667
20.1752	667.5
20.1752	668
20.1752	668.5
20.1752	669
20.1752	669.5
20.1752	670
20.1752	670.5
20.1752	671
20.1752	671.5
20.1752	672
20.1752	672.5
20.1752	673
20.1752	673.5
20.1752	674
20.1752	674.5
20.1752	675
20.1752	675.5
20.1752	676
20.1752	676.5
20.1752	677
20.1752	677.5
20.1752	678
20.1752	678.5
20.1752	679
20.1752	679.5
20.1752	680
20.1752	680.5
20.1752	681
20.1752	681.5
20.1752	682
20.1752	682.5
20.1752	683
20.1752	683.5
20.1752	684
20.1752	684.5
20.1752	685
20.1752	685.5
20.1752	686
20.1752	686.5
20.1752	687
20.1752	687.5
20.1752	688
20.1752	688.5
20.1752	689
20.1752	689.5
20.1752	690
20.1752	690.5
20.1752	691
20.1752	691.5
20.1752	692
20.1752	692.5
20.1752	693
20.1752	693.5
20.1752	694
20.1752	694.5
20.1752	695
20.1752	695.5
20.1752	696
20.1752	696.5
20.1752	697
20.1752	697.5
20.1752	698
20.1752	698.5
20.1752	699
20.1752	699.5
20.1752	700
20.1752	700.5
20.1752	701
20.1752	701.5
20.1752	702
20.1752	702.5
20.1752	703
20.1752	703.5
20.1752	704
20.1752	704.5
20.1752	705
20.1752	705.5
20.1752	706
20.1752	706.5
20.1752	707
20.1752	707.5
20.1752	708
20.1752	708.5
20.1752	709
20.1752	709.5
20.1752	710
20.1752	710.5
20.1752	711
20.1752	711.5
20.1752	712
20.1752	712.5
20.1752	713
20.1752	713.5
20.1752	714
20.1752	714.5
20.1752	715
20.1752	715.5
20.1752	716
20.1752	716.5
20.1752	717
20.1752	717.5
20.1752	718
20.1752	718.5
20.1752	719
20.1752	719.5
20.1752	720
20.1752	720.5
20.1752	721
20.1752	721.5
20.1752	722
20.1752	722.5
20.1752	723
20.1752	723.5
20.1752	724
20.1752	724.5
20.1752	725
20.1752	725.5
20.1752	726
20.1752	726.5
20.1752	727
20.1752	727.5
20.1752	728
20.1752	728.5
20.1752	729
20.1752	729.5
20.1752	730
20.1752	730.5
20.1752	731
20.1752	731.5
20.1752	732
20.1752	732.5
20.1752	733
20.1752	733.5
20.1752	734
20.1752	734.5
20.1752	735
20.1752	735.5
20.1752	736
20.1752	736.5
20.1752	737
20.1752	737.5
20.1752	738
20.1752	738.5
20.1752	739
20.1752	739.5
20.1752	740
20.1752	740.5
20.1752	741
20.1752	741.5
20.1752	742
20.1752	742.5
20.1752	743
20.1752	743.5
20.1752	744
20.1752	744.5
20.1752	745
20.1752	745.5
20.1752	746
20.1752	746.5
20.1752	747
20.1752	747.5
20.1752	748
20.1752	748.5
20.1752	749
20.1752	749.5
20.1752	750
20.1752	750.5
20.1752	751
20.1752	751.5
20.1752	752
20.1752	752.5
20.1752	753
20.1752	753.5
20.1752	754
20.1752	754.5
20.1752	755
20.1752	755.5
20.1752	756
20.1752	756.5
20.1752	757
20.1752	757.5
20.1752	758
20.1752	758.5
20.1752	759
20.1752	759.5
20.1752	760
20.1752	760.5
20.1752	761
20.1752	761.5
20.1752	762
20.1752	762.5
20.1752	763
20.1752	763.5
20.1752	764
20.1752	764.5
20.1752	765
20.1752	765.5
20.1752	766
20.1752	766.5
20.1752	767
20.1752	767.5
20.1752	768
20.1752	768.5
20.1752	769
20.1752	769.5
20.1752	770
20.1752	770.5
20.1752	771
20.1752	771.5
20.1752	772
20.1752	772.5
20.1752	773
20.1752	773.5
20.1752	774
20.1752	774.5
20.1752	775
20.1752	775.5
20.1752	776
20.1752	776.5
20.1752	777
20.1752	777.5
20.1752	778
20.1752	778.5
20.1752	779
20.1752	779.5
20.1752	780
20.1752	780.5
20.1752	781
20.1752	781.5
20.1752	782
20.1752	782.5
20.1752	783
20.1752	783.5
20.1752	784
20.1752	784.5
20.1752	785
20.1752	785.5
20.1752	786
20.1752	786.5
20.1752	787
20.1752	787.5
20.1752	788
20.1752	788.5
20.1752	789
20.1752	789.5
20.1752	790
20.1752	790.5
20.1752	791
20.1752	791.5
20.1752	792
20.1752	792.5
20.1752	793
20.1752	793.5
20.1752	794
20.1752	794.5
20.1752	795
20.1752	795.5
20.1752	796
20.1752	796.5
20.1752	797
20.1752	797.5
20.1752	798
20.1752	798.5
20.1752	799
20.1752	799.5
20.1752	800
20.1752	800.5
20.1752	801
20.1752	801.5
20.1752	802
20.1752	802.5
20.1752	803
20.1752	803.5
20.1752	804
20.1752	804.5
20.1752	805
20.1752	805.5
20.1752	806
20.1752	806.5
20.1752	807
20.1752	807.5
20.1752	808
20.1752	808.5
20.1752	809
20.1752	809.5
20.1752	810
20.1752	810.5
20.1752	811
20.1752	811.5
20.1752	812
20.1752	812.5
20.1752	813
20.1752	813.5
20.1752	814
20.1752	814.5
20.1752	815
20.1752	815.5
20.1752	816
20.1752	816.5
20.1752	817
20.1752	817.5
20.1752	818
20.1752	818.5
20.1752	819
20.1752	819.5
20.1752	820
20.1752	820.5
20.1752	821
20.1752	821.5
20.1752	822
20.1752	822.5
20.1752	823
20.1752	823.5
20.1752	824
20.1752	824.5
20.1752	825
20.1752	825.5
20.1752	826
20.1752	826.5
20.1752	827
20.1752	827.5
20.1752	828
20.1752	828.5
20.1752	829
20.1752	829.5
20.1752	830
20.1752	830.5
20.1752	831
20.1752	831.5
20.1752	832
20.1752	832.5
20.1752	833
20.1752	833.5
20.1752	834
20.1752	834.5
20.1752	835
20.1752	835.5
20.1752	836
20.1752	836.5
20.1752	837
20.1752	837.5
20.1752	838
20.1752	838.5
20.1752	839
20.1752	839.5
20.1752	840
20.1752	840.5
20.1752	841
20.1752	841.5
20.1752	842
20.1752	842.5
20.1752	843
20.1752	843.5
20.1752	844
20.1752	844.5
20.1752	845
20.1752	845.5
20.1752	846
20.1752	846.5
20.1752	847
20.1752	847.5
20.1752	848
20.1752	848.5
20.1752	849
20.1752	849.5
20.1752	850
20.1752	850.5
20.1752	851
20.1752	851.5
20.1752	852
20.1752	852.5
20.1752	853
20.1752	853.5
20.1752	854
20.1752	854.5
20.1752	855
20.1752	855.5
20.1752	856
20.1752	856.5
20.1752	857
20.1752	857.5
20.1752	858
20.1752	858.5
20.1752	859
20.1752	859.5
20.1752	860
20.1752	860.5
20.1752	861
20.1752	861.5
20.1752	862
20.1752	862.5
20.1752	863
20.1752	863.5
20.1752	864
20.1752	864.5
20.1752	865
20.1752	865.5
20.1752	866
20.1752	866.5
20.1752	867
20.1752	867.5
20.1752	868
20.1752	868.5
20.1752	869
20.1752	869.5
20.1752	870
20.1752	870.5
20.1752	871
20.1752	871.5
20.1752	872
20.1752	872.5
20.1752	873
20.1752	873.5
20.1752	874
20.1752	874.5
20.1752	875
20.1752	875.5
20.1752	876
20.1752	876.5
20.1752	877
20.1752	877.5
20.1752	878
20.1752	878.5
20.1752	879
20.1752	879.5
20.1752	880
20.1752	880.5
20.1752	881
20.1752	881.5
20.1752	882
20.1752	882.5
20.1752	883
20.1752	883.5
20.1752	884
20.1752	884.5
20.1752	885
20.1752	885.5
20.1752	886
20.1752	886.5
20.1752	887
20.1752	887.5
20.1752	888
20.1752	888.5
20.1752	889
20.1752	889.5
20.1752	890
20.1752	890.5
20.1752	891
20.1752	891.5
20.1752	892
20.1752	892.5
20.1752	893
20.1752	893.5
20.1752	894
20.1752	894.5
20.1752	895
20.1752	895.5
20.1752	896
20.1752	896.5
20.1752	897
20.1752	897.5
20.1752	898
20.1752	898.5
20.1752	899
20.1752	899.5
20.1752	900
20.1752	900.5
20.1752	901
20.1752	901.5
20.1752	902
20.1752	902.5
20.1752	903
20.1752	903.5
20.1752	904
20.1752	904.5
20.1752	905
20.1752	905.5
20.1752	906
20.1752	906.5
20.1752	907
20.1752	907.5
20.1752	908
20.1752	908.5
20.1752	909
20.1752	909.5
20.1752	910
20.1752	910.5
20.1752	911
20.1752	911.5
20.1752	912
20.1752	912.5
20.1752	913
20.1752	913.5
20.1752	914
20.1752	914.5
20.1752	915
20.1752	915.5
20.1752	916
20.1752	916.5
20.1752	917
20.1752	917.5
20.1752	918
20.1752	918.5
20.1752	919
20.1752	919.5
20.1752	920
20.1752	920.5
20.1752	921
20.1752	921.5
20.1752	922
20.1752	922.5
20.1752	923
20.1752	923.5
20.1752	924
20.1752	924.5
20.1752	925
20.1752	925.5
20.1752	926
20.1752	926.5
20.1752	927
20.1752	927.5
20.1752	928
20.1752	928.5
20.1752	929
20.1752	929.5
20.1752	930
20.1752	930.5
20.1752	931
20.1752	931.5
20.1752	932
20.1752	932.5
20.1752	933
20.1752	933.5
20.1752	934
20.1752	934.5
20.1752	935
20.1752	935.5
20.1752	936
20.1752	936.5
20.1752	937
20.1752	937.5
20.1752	938
20.1752	938.5
20.1752	939
20.1752	939.5
20.1752	940
20.1752	940.5
20.1752	941
20.1752	941.5
20.1752	942
20.1752	942.5
20.1752	943
20.1752	943.5
20.1752	944
20.1752	944.5
20.1752	945
20.1752	945.5
20.1752	946
20.1752	946.5
20.1752	947
20.1752	947.5
20.1752	948
20.1752	948.5
20.1752	949
20.1752	949.5
20.1752	950
20.1752	950.5
20.1752	951
20.1752	951.5
20.1752	952
20.1752	952.5
20.1752	953
20.1752	953.5
20.1752	954
20.1752	954.5
20.1752	955
20.1752	955.5
20.1752	956
20.1752	956.5
20.1752	957
20.1752	957.5
20.1752	958
20.1752	958.5
20.1752	959
20.1752	959.5
20.1752	960
20.1752	960.5
20.1752	961
20.1752	961.5
20.1752	962
20.1752	962.5
20.1752	963
20.1752	963.5
20.1752	964
20.1752	964.5
20.1752	965
20.1752	965.5
20.1752	966
20.1752	966.5
20.1752	967
20.1752	967.5
20.1752	968
20.1752	968.5
20.1752	969
20.1752	969.5
20.1752	970
20.1752	970.5
20.1752	971
20.1752	971.5
20.1752	972
20.1752	972.5
20.1752	973
20.1752	973.5
20.1752	974
20.1752	974.5
20.1752	975
20.1752	975.5
20.1752	976
20.1752	976.5
20.1752	977
20.1752	977.5
20.1752	978
20.1752	978.5
20.1752	979
20.1752	979.5
20.1752	980
20.1752	980.5
20.1752	981
20.1752	981.5
20.1752	982
20.1752	982.5
20.1752	983
20.1752	983.5
20.1752	984
20.1752	984.5
20.1752	985
20.1752	985.5
20.1752	986
20.1752	986.5
20.1752	987
20.1752	987.5
20.1752	988
20.1752	988.5
20.1752	989
20.1752	989.5
20.1752	990
20.1752	990.5
20.1752	991
20.1752	991.5
20.1752	992
20.1752	992.5
20.1752	993
20.1752	993.5
20.1752	994
20.1752	994.5
20.1752	995
20.1752	995.5
20.1752	996
20.1752	996.5
20.1752	997
20.1752	997.5
20.1752	998
20.1752	998.5
20.1752	999
20.1752	999.5
20.1752	1000
20.1752	1000.5
20.5056	1001
20.8049	1001.5
21.0781	1002
21.329	1002.5
21.5609	1003
21.7764	1003.5
21.9776	1004
22.1663	1004.5
22.344	1005
22.512	1005.5
22.6713	1006
22.8228	1006.5
22.9674	1007
23.1057	1007.5
23.2383	1008
23.3657	1008.5
23.4884	1009
23.6067	1009.5
23.7211	1010
23.8318	1010.5
23.9392	1011
24.0433	1011.5
24.1446	1012
24.2431	1012.5
24.339	1013
24.4326	1013.5
24.5239	1014
24.6131	1014.5
24.7002	1015
24.7855	1015.5
24.869	1016
24.9508	1016.5
25.031	1017
25.1096	1017.5
25.1868	1018
25.2625	1018.5
25.3369	1019
25.41	1019.5
25.4819	1020
25.5526	1020.5
25.6222	1021
25.6906	1021.5
25.758	1022
25.8244	1022.5
25.8898	1023
25.9543	1023.5
26.0178	1024
26.0805	1024.5
26.1423	1025
26.2033	1025.5
26.2634	1026
26.3228	1026.5
26.3814	1027
26.4393	1027.5
26.4965	1028
26.553	1028.5
26.6088	1029
26.6639	1029.5
26.7184	1030
26.7723	1030.5
26.8256	1031
26.8783	1031.5
26.9304	1032
26.9819	1032.5
27.0329	1033
27.0834	1033.5
27.1333	1034
27.1827	1034.5
27.2316	1035
27.2801	1035.5
27.328	1036
27.3755	1036.5
27.4225	1037
27.4691	1037.5
27.5153	1038
27.561	1038.5
27.6063	1039
27.6511	1039.5
27.6956	1040
27.7397	1040.5
27.7834	1041
27.8267	1041.5
27.8697	1042
27.9123	1042.5
27.9545	1043
27.9963	1043.5
28.0379	1044
28.0791	1044.5
28.1199	1045
28.1604	1045.5
28.2006	1046
28.2405	1046.5
28.2801	1047
28.3194	1047.5
28.3584	1048
28.3971	1048.5
28.4354	1049
28.4736	1049.5
28.5114	1050
28.5489	1050.5
28.5862	1051
28.6232	1051.5
28.66	1052
28.6965	1052.5
28.7327	1053
28.7687	1053.5
28.8045	1054
28.84	1054.5
28.8753	1055
28.9103	1055.5
28.9451	1056
28.9797	1056.5
29.014	1057
29.0481	1057.5
29.082	1058
29.1157	1058.5
29.1492	1059
29.1825	1059.5
29.2155	1060
29.2484	1060.5
29.281	1061
29.3135	1061.5
29.3458	1062
29.3778	1062.5
29.4097	1063
29.4414	1063.5
29.4729	1064
29.5042	1064.5
29.5354	1065
29.5663	1065.5
29.5971	1066
29.6277	1066.5
29.6582	1067
29.6884	1067.5
29.7185	1068
29.7485	1068.5
29.7783	1069
29.8079	1069.5
29.8373	1070
29.8666	1070.5
29.8958	1071
29.9247	1071.5
29.9536	1072
29.9823	1072.5
30.0108	1073
30.0392	1073.5
30.0674	1074
30.0955	1074.5
30.1235	1075
30.1513	1075.5
30.179	1076
30.2065	1076.5
30.2339	1077
30.2612	1077.5
30.2883	1078
30.3153	1078.5
30.3422	1079
30.3689	1079.5
30.3955	1080
30.422	1080.5
30.4484	1081
30.4746	1081.5
30.5007	1082
30.5267	1082.5
30.5526	1083
30.5784	1083.5
30.604	1084
30.6295	1084.5
30.655	1085
30.6802	1085.5
30.7054	1086
30.7305	1086.5
30.7555	1087
30.7803	1087.5
30.8051	1088
30.8297	1088.5
30.8542	1089
30.8786	1089.5
30.903	1090
30.9272	1090.5
30.9513	1091
30.9753	1091.5
30.9992	1092
31.023	1092.5
31.0467	1093
31.0703	1093.5
31.0939	1094
31.1173	1094.5
31.1406	1095
31.1638	1095.5
31.187	1096
31.21	1096.5
31.233	1097
31.2558	1097.5
31.2786	1098
31.3013	1098.5
31.3239	1099
31.3464	1099.5
31.3688	1100
31.3911	1100.5
31.4133	1101
31.4355	1101.5
31.4576	1102
31.4796	1102.5
31.5015	1103
31.5233	1103.5
31.545	1104
31.5667	1104.5
31.5883	1105
31.6098	1105.5
31.6312	1106
31.6525	1106.5
31.6738	1107
31.695	1107.5
31.7161	1108
31.7371	1108.5
31.7581	1109
31.779	1109.5
31.7998	1110
31.8205	1110.5
31.8411	1111
31.8616	1111.5
31.8821	1112
31.9025	1112.5
31.9229	1113
31.9431	1113.5
31.9633	1114
31.9834	1114.5
32.0035	1115
32.0235	1115.5
32.0434	1116
32.0633	1116.5
32.083	1117
32.1028	1117.5
32.1224	1118
32.142	1118.5
32.1615	1119
32.181	1119.5
32.2004	1120
32.2197	1120.5
32.239	1121
32.2582	1121.5
32.2773	1122
32.2964	1122.5
32.3154	1123
32.3344	1123.5
32.3533	1124
32.3721	1124.5
32.3909	1125
32.4096	1125.5
32.4283	1126
32.4469	1126.5
32.4655	1127
32.4839	1127.5
32.5024	1128
32.5208	1128.5
32.5391	1129
32.5573	1129.5
32.5755	1130
32.5937	1130.5
32.6118	1131
32.6298	1131.5
32.6478	1132
32.6657	1132.5
32.6836	1133
32.7014	1133.5
32.7192	1134
32.7369	1134.5
32.7546	1135
32.7722	1135.5
32.7898	1136
32.8073	1136.5
32.8248	1137
32.8422	1137.5
32.8595	1138
32.8768	1138.5
32.8941	1139
32.9113	1139.5
32.9285	1140
32.9456	1140.5
32.9626	1141
32.9797	1141.5
32.9966	1142
33.0135	1142.5
33.0304	1143
33.0472	1143.5
33.064	1144
33.0807	1144.5
33.0974	1145
33.1141	1145.5
33.1307	1146
33.1472	1146.5
33.1637	1147
33.1802	1147.5
33.1966	1148
33.2129	1148.5
33.2293	1149
33.2456	1149.5
33.2618	1150
33.278	1150.5
33.2941	1151
33.3102	1151.5
33.3263	1152
33.3423	1152.5
33.3583	1153
33.3742	1153.5
33.3901	1154
33.406	1154.5
33.4218	1155
33.4376	1155.5
33.4533	1156
33.469	1156.5
33.4846	1157
33.5002	1157.5
33.5158	1158
33.5313	1158.5
33.5468	1159
33.5623	1159.5
33.5777	1160
33.5931	1160.5
33.6084	1161
33.6237	1161.5
33.639	1162
33.6542	1162.5
33.6693	1163
33.6845	1163.5
33.6996	1164
33.7147	1164.5
33.7297	1165
33.7447	1165.5
33.7596	1166
33.7746	1166.5
33.7894	1167
33.8043	1167.5
33.8191	1168
33.8339	1168.5
33.8486	1169
33.8633	1169.5
33.878	1170
33.8926	1170.5
33.9072	1171
33.9218	1171.5
33.9363	1172
33.9508	1172.5
33.9653	1173
33.9797	1173.5
33.9941	1174
34.0085	1174.5
34.0228	1175
34.0371	1175.5
34.0513	1176
34.0656	1176.5
34.0798	1177
34.0939	1177.5
34.108	1178
34.1221	1178.5
34.1362	1179
34.1502	1179.5
34.1642	1180
34.1782	1180.5
34.1921	1181
34.206	1181.5
34.2199	1182
34.2337	1182.5
34.2476	1183
34.2613	1183.5
34.2751	1184
34.2888	1184.5
34.3025	1185
34.3161	1185.5
34.3298	1186
34.3434	1186.5
34.3569	1187
34.3705	1187.5
34.384	1188
34.3974	1188.5
34.4109	1189
34.4243	1189.5
34.4377	1190
34.4511	1190.5
34.4644	1191
34.4777	1191.5
34.491	1192
34.5042	1192.5
34.5174	1193
34.5306	1193.5
34.5438	1194
34.5569	1194.5
34.57	1195
34.5831	1195.5
34.5961	1196
34.6092	1196.5
34.6221	1197
34.6351	1197.5
34.6481	1198
34.661	1198.5
34.6739	1199
34.6867	1199.5
34.6995	1200
34.7123	1200.5
34.7251	1201
34.7379	1201.5
34.7506	1202
34.7633	1202.5
34.776	1203
34.7886	1203.5
34.8013	1204
34.8138	1204.5
34.8264	1205
34.839	1205.5
34.8515	1206
34.864	1206.5
34.8764	1207
34.8889	1207.5
34.9013	1208
34.9137	1208.5
34.9261	1209
34.9384	1209.5
34.9507	1210
34.963	1210.5
34.9753	1211
34.9876	1211.5
34.9998	1212
35.012	1212.5
35.0242	1213
35.0363	1213.5
35.0484	1214
35.0605	1214.5
35.0726	1215
35.0847	1215.5
35.0967	1216
35.1087	1216.5
35.1207	1217
35.1327	1217.5
35.1446	1218
35.1565	1218.5
35.1684	1219
35.1803	1219.5
35.1922	1220
35.204	1220.5
35.2158	1221
35.2276	1221.5
35.2393	1222
35.2511	1222.5
35.2628	1223
35.2745	1223.5
35.2862	1224
35.2978	1224.5
35.3094	1225
35.321	1225.5
35.3326	1226
35.3442	1226.5
35.3557	1227
35.3673	1227.5
35.3788	1228
35.3902	1228.5
35.4017	1229
35.4131	1229.5
35.4245	1230
35.4359	1230.5
35.4473	1231
35.4587	1231.5
35.47	1232
35.4813	1232.5
35.4926	1233
35.5039	1233.5
35.5151	1234
35.5264	1234.5
35.5376	1235
35.5488	1235.5
35.5599	1236
35.5711	1236.5
35.5822	1237
35.5933	1237.5
35.6044	1238
35.6155	1238.5
35.6265	1239
35.6376	1239.5
35.6486	1240
35.6596	1240.5
35.6705	1241
35.6815	1241.5
35.6924	1242
35.7033	1242.5
35.7142	1243
35.7251	1243.5
35.736	1244
35.7468	1244.5
35.7576	1245
35.7684	1245.5
35.7792	1246
35.79	1246.5
35.8007	1247
35.8115	1247.5
35.8222	1248
35.8329	1248.5
35.8435	1249
35.8542	1249.5
35.8648	1250
35.8754	1250.5
35.8861	1251
35.8966	1251.5
35.9072	1252
35.9177	1252.5
35.9283	1253
35.9388	1253.5
35.9493	1254
35.9598	1254.5
35.9702	1255
35.9807	1255.5
35.9911	1256
36.0015	1256.5
36.0119	1257
36.0223	1257.5
36.0326	1258
36.0429	1258.5
36.0533	1259
36.0636	1259.5
36.0739	1260
36.0841	1260.5
36.0944	1261
36.1046	1261.5
36.1148	1262
36.125	1262.5
36.1352	1263
36.1454	1263.5
36.1556	1264
36.1657	1264.5
36.1758	1265
36.1859	1265.5
36.196	1266
36.2061	1266.5
36.2161	1267
36.2262	1267.5
36.2362	1268
36.2462	1268.5
36.2562	1269
36.2662	1269.5
36.2761	1270
36.2861	1270.5
36.296	1271
36.3059	1271.5
36.3158	1272
36.3257	1272.5
36.3356	1273
36.3454	1273.5
36.3553	1274
36.3651	1274.5
36.3749	1275
36.3847	1275.5
36.3944	1276
36.4042	1276.5
36.4139	1277
36.4237	1277.5
36.4334	1278
36.4431	1278.5
36.4528	1279
36.4624	1279.5
36.4721	1280
36.4817	1280.5
36.4914	1281
36.501	1281.5
36.5106	1282
36.5201	1282.5
36.5297	1283
36.5393	1283.5
36.5488	1284
36.5583	1284.5
36.5678	1285
36.5773	1285.5
36.5868	1286
36.5963	1286.5
36.6057	1287
36.6152	1287.5
36.6246	1288
36.634	1288.5
36.6434	1289
36.6528	1289.5
36.6621	1290
36.6715	1290.5
36.6808	1291
36.6901	1291.5
36.6994	1292
36.7087	1292.5
36.718	1293
36.7273	1293.5
36.7366	1294
36.7458	1294.5
36.755	1295
36.7642	1295.5
36.7734	1296
36.7826	1296.5
36.7918	1297
36.801	1297.5
36.8101	1298
36.8192	1298.5
36.8284	1299
36.8375	1299.5
36.8466	1300
36.8557	1300.5
36.8647	1301
36.8738	1301.5
36.8828	1302
36.8919	1302.5
36.9009	1303
36.9099	1303.5
36.9189	1304
36.9278	1304.5
36.9368	1305
36.9458	1305.5
36.9547	1306
36.9636	1306.5
36.9725	1307
36.9815	1307.5
36.9903	1308
36.9992	1308.5
37.0081	1309
37.0169	1309.5
37.0258	1310
37.0346	1310.5
37.0434	1311
37.0522	1311.5
37.061	1312
37.0698	1312.5
37.0786	1313
37.0873	1313.5
37.0961	1314
37.1048	1314.5
37.1135	1315
37.1222	1315.5
37.1309	1316
37.1396	1316.5
37.1483	1317
37.1569	1317.5
37.1656	1318
37.1742	1318.5
37.1828	1319
37.1914	1319.5
37.2	1320
37.2086	1320.5
37.2172	1321
37.2257	1321.5
37.2343	1322
37.2428	1322.5
37.2514	1323
37.2599	1323.5
37.2684	1324
37.2769	1324.5
37.2854	1325
37.2938	1325.5
37.3023	1326
37.3108	1326.5
37.3192	1327
37.3276	1327.5
37.336	1328
37.3444	1328.5
37.3528	1329
37.3612	1329.5
37.3696	1330
37.3779	1330.5
37.3863	1331
37.3946	1331.5
37.403	1332
37.4113	1332.5
37.4196	1333
37.4279	1333.5
37.4362	1334
37.4444	1334.5
37.4527	1335
37.4609	1335.5
37.4692	1336
37.4774	1336.5
37.4856	1337
37.4938	1337.5
37.502	1338
37.5102	1338.5
37.5184	1339
37.5266	1339.5
37.5347	1340
37.5429	1340.5
37.551	1341
37.5591	1341.5
37.5672	1342
37.5753	1342.5
37.5834	1343
37.5915	1343.5
37.5996	1344
37.6076	1344.5
37.6157	1345
37.6237	1345.5
37.6318	1346
37.6398	1346.5
37.6478	1347
37.6558	1347.5
37.6638	1348
37.6718	1348.5
37.6797	1349
37.6877	1349.5
37.6956	1350
37.7036	1350.5
37.7115	1351
37.7194	1351.5
37.7273	1352
37.7352	1352.5
37.7431	1353
37.751	1353.5
37.7589	1354
37.7667	1354.5
37.7746	1355
37.7824	1355.5
37.7903	1356
37.7981	1356.5
37.8059	1357
37.8137	1357.5
37.8215	1358
37.8293	1358.5
37.837	1359
37.8448	1359.5
37.8526	1360
37.8603	1360.5
37.868	1361
37.8758	1361.5
37.8835	1362
37.8912	1362.5
37.8989	1363
37.9066	1363.5
37.9143	1364
37.9219	1364.5
37.9296	1365
37.9372	1365.5
37.9449	1366
37.9525	1366.5
37.9601	1367
37.9678	1367.5
37.9754	1368
37.983	1368.5
37.9906	1369
37.9981	1369.5
38.0057	1370
38.0133	1370.5
38.0208	1371
38.0284	1371.5
38.0359	1372
38.0434	1372.5
38.0509	1373
38.0584	1373.5
38.0659	1374
38.0734	1374.5
38.0809	1375
38.0884	1375.5
38.0958	1376
38.1033	1376.5
38.1107	1377
38.1182	1377.5
38.1256	1378
38.133	1378.5
38.1404	1379
38.1478	1379.5
38.1552	1380
38.1626	1380.5
38.17	1381
38.1773	1381.5
38.1847	1382
38.1921	1382.5
38.1994	1383
38.2067	1383.5
38.2141	1384
38.2214	1384.5
38.2287	1385
38.236	1385.5
38.2433	1386
38.2505	1386.5
38.2578	1387
38.2651	1387.5
38.2723	1388
38.2796	1388.5
38.2868	1389
38.2941	1389.5
38.3013	1390
38.3085	1390.5
38.3157	1391
38.3229	1391.5
38.3301	1392
38.3373	1392.5
38.3445	1393
38.3516	1393.5
38.3588	1394
38.3659	1394.5
38.3731	1395
38.3802	1395.5
38.3874	1396
38.3945	1396.5
38.4016	1397
38.4087	1397.5
38.4158	1398
38.4229	1398.5
38.4299	1399
38.437	1399.5
38.4441	1400
38.4511	1400.5
38.4582	1401
38.4652	1401.5
38.4723	1402
38.4793	1402.5
38.4863	1403
38.4933	1403.5
38.5003	1404
38.5073	1404.5
38.5143	1405
38.5213	1405.5
38.5282	1406
38.5352	1406.5
38.5422	1407
38.5491	1407.5
38.556	1408
38.563	1408.5
38.5699	1409
38.5768	1409.5
38.5837	1410
38.5906	1410.5
38.5975	1411
38.6044	1411.5
38.6113	1412
38.6182	1412.5
38.625	1413
38.6319	1413.5
38.6387	1414
38.6456	1414.5
38.6524	1415
38.6592	1415.5
38.6661	1416
38.6729	1416.5
38.6797	1417
38.6865	1417.5
38.6933	1418
38.7001	1418.5
38.7068	1419
38.7136	1419.5
38.7204	1420
38.7271	1420.5
38.7339	1421
38.7406	1421.5
38.7473	1422
38.7541	1422.5
38.7608	1423
38.7675	1423.5
38.7742	1424
38.7809	1424.5
38.7876	1425
38.7943	1425.5
38.801	1426
38.8076	1426.5
38.8143	1427
38.821	1427.5
38.8276	1428
38.8343	1428.5
38.8409	1429
38.8475	1429.5
38.8541	1430
38.8608	1430.5
38.8674	1431
38.874	1431.5
38.8806	1432
38.8871	1432.5
38.8937	1433
38.9003	1433.5
38.9069	1434
38.9134	1434.5
38.92	1435
38.9265	1435.5
38.9331	1436
38.9396	1436.5
38.9461	1437
38.9527	1437.5
38.9592	1438
38.9657	1438.5
38.9722	1439
38.9787	1439.5
38.9852	1440
38.9916	1440.5
38.9981	1441
39.0046	1441.5
39.011	1442
39.0175	1442.5
39.0239	1443
39.0304	1443.5
39.0368	1444
39.0432	1444.5
39.0497	1445
39.0561	1445.5
39.0625	1446
39.0689	1446.5
39.0753	1447
39.0817	1447.5
39.0881	1448
39.0944	1448.5
39.1008	1449
39.1072	1449.5
39.1135	1450
39.1199	1450.5
39.1262	1451
39.1326	1451.5
39.1389	1452
39.1452	1452.5
39.1515	1453
39.1578	1453.5
39.1642	1454
39.1705	1454.5
39.1768	1455
39.183	1455.5
39.1893	1456
39.1956	1456.5
39.2019	1457
39.2081	1457.5
39.2144	1458
39.2206	1458.5
39.2269	1459
39.2331	1459.5
39.2394	1460
39.2456	1460.5
39.2518	1461
39.258	1461.5
39.2642	1462
39.2704	1462.5
39.2766	1463
39.2828	1463.5
39.289	1464
39.2952	1464.5
39.3014	1465
39.3075	1465.5
39.3137	1466
39.3198	1466.5
39.326	1467
39.3321	1467.5
39.3383	1468
39.3444	1468.5
39.3505	1469
39.3566	1469.5
39.3628	1470
39.3689	1470.5
39.375	1471
39.3811	1471.5
39.3872	1472
39.3932	1472.5
39.3993	1473
39.4054	1473.5
39.4115	1474
39.4175	1474.5
39.4236	1475
39.4296	1475.5
39.4357	1476
39.4417	1476.5
39.4477	1477
39.4538	1477.5
39.4598	1478
39.4658	1478.5
39.4718	1479
39.4778	1479.5
39.4838	1480
39.4898	1480.5
39.4958	1481
39.5018	1481.5
39.5078	1482
39.5137	1482.5
39.5197	1483
39.5256	1483.5
39.5316	1484
39.5376	1484.5
39.5435	1485
39.5494	1485.5
39.5554	1486
39.5613	1486.5
39.5672	1487
39.5731	1487.5
39.579	1488
39.5849	1488.5
39.5908	1489
39.5967	1489.5
39.6026	1490
39.6085	1490.5
39.6144	1491
39.6203	1491.5
39.6261	1492
39.632	1492.5
39.6378	1493
39.6437	1493.5
39.6495	1494
39.6554	1494.5
39.6612	1495
39.667	1495.5
39.6729	1496
39.6787	1496.5
39.6845	1497
39.6903	1497.5
39.6961	1498
39.7019	1498.5
39.7077	1499
39.7135	1499.5
39.7193	1500
39.725	1500.5
39.7308	1501
39.7366	1501.5
39.7423	1502
39.7481	1502.5
39.7538	1503
39.7596	1503.5
39.7653	1504
39.7711	1504.5
39.7768	1505
39.7825	1505.5
39.7882	1506
39.7939	1506.5
39.7997	1507
39.8054	1507.5
39.8111	1508
39.8167	1508.5
39.8224	1509
39.8281	1509.5
39.8338	1510
39.8395	1510.5
39.8451	1511
39.8508	1511.5
39.8565	1512
39.8621	1512.5
39.8678	1513
39.8734	1513.5
39.879	1514
39.8847	1514.5
39.8903	1515
39.8959	1515.5
39.9016	1516
39.9072	1516.5
39.9128	1517
39.9184	1517.5
39.924	1518
39.9296	1518.5
39.9352	1519
39.9407	1519.5
39.9463	1520
39.9519	1520.5
39.9575	1521
39.963	1521.5
39.9686	1522
39.9742	1522.5
39.9797	1523
39.9852	1523.5
39.9908	1524
39.9963	1524.5
40.0019	1525
40.0074	1525.5
40.0129	1526
40.0184	1526.5
40.0239	1527
40.0294	1527.5
40.0349	1528
40.0404	1528.5
40.0459	1529
40.0514	1529.5
40.0569	1530
40.0624	1530.5
40.0679	1531
40.0733	1531.5
40.0788	1532
40.0843	1532.5
40.0897	1533
40.0952	1533.5
40.1006	1534
40.1061	1534.5
40.1115	1535
40.1169	1535.5
40.1224	1536
40.1278	1536.5
40.1332	1537
40.1386	1537.5
40.144	1538
40.1494	1538.5
40.1548	1539
40.1602	1539.5
40.1656	1540
40.171	1540.5
40.1764	1541
40.1818	1541.5
40.1871	1542
40.1925	1542.5
40.1979	1543
40.2032	1543.5
40.2086	1544
40.2139	1544.5
40.2193	1545
40.2246	1545.5
40.23	1546
40.2353	1546.5
40.2406	1547
40.246	1547.5
40.2513	1548
40.2566	1548.5
40.2619	1549
40.2672	1549.5
40.2725	1550
40.2778	1550.5
40.2831	1551
40.2884	1551.5
40.2937	1552
40.299	1552.5
40.3042	1553
40.3095	1553.5
40.3148	1554
40.32	1554.5
40.3253	1555
40.3305	1555.5
40.3358	1556
40.341	1556.5
40.3463	1557
40.3515	1557.5
40.3568	1558
40.362	1558.5
40.3672	1559
40.3724	1559.5
40.3776	1560
40.3829	1560.5
40.3881	1561
40.3933	1561.5
40.3985	1562
40.4037	1562.5
40.4089	1563
40.414	1563.5
40.4192	1564
40.4244	1564.5
40.4296	1565
40.4347	1565.5
40.4399	1566
40.4451	1566.5
40.4502	1567
40.4554	1567.5
40.4605	1568
40.4657	1568.5
40.4708	1569
40.476	1569.5
40.4811	1570
40.4862	1570.5
40.4913	1571
40.4965	1571.5
40.5016	1572
40.5067	1572.5
40.5118	1573
40.5169	1573.5
40.522	1574
40.5271	1574.5
40.5322	1575
40.5373	1575.5
40.5424	1576
40.5474	1576.5
40.5525	1577
40.5576	1577.5
40.5627	1578
40.5677	1578.5
40.5728	1579
40.5778	1579.5
40.5829	1580
40.5879	1580.5
40.593	1581
40.598	1581.5
40.6031	1582
40.6081	1582.5
40.6131	1583
40.6181	1583.5
40.6232	1584
40.6282	1584.5
40.6332	1585
40.6382	1585.5
40.6432	1586
40.6482	1586.5
40.6532	1587
40.6582	1587.5
40.6632	1588
40.6682	1588.5
40.6732	1589
40.6781	1589.5
40.6831	1590
40.6881	1590.5
40.693	1591
40.698	1591.5
40.703	1592
40.7079	1592.5
40.7129	1593
40.7178	1593.5
40.7228	1594
40.7277	1594.5
40.7326	1595
40.7376	1595.5
40.7425	1596
40.7474	1596.5
40.7523	1597
40.7573	1597.5
40.7622	1598
40.7671	1598.5
40.772	1599
40.7769	1599.5
40.7818	1600
40.7867	1600.5
40.7916	1601
40.7965	1601.5
40.8013	1602
40.8062	1602.5
40.8111	1603
40.816	1603.5
40.8208	1604
40.8257	1604.5
40.8306	1605
40.8354	1605.5
40.8403	1606
40.8451	1606.5
40.85	1607
40.8548	1607.5
40.8596	1608
40.8645	1608.5
40.8693	1609
40.8741	1609.5
40.879	1610
40.8838	1610.5
40.8886	1611
40.8934	1611.5
40.8982	1612
40.903	1612.5
40.9078	1613
40.9126	1613.5
40.9174	1614
40.9222	1614.5
40.927	1615
40.9318	1615.5
40.9366	1616
40.9414	1616.5
40.9461	1617
40.9509	1617.5
40.9557	1618
40.9604	1618.5
40.9652	1619
40.9699	1619.5
40.9747	1620
40.9794	1620.5
40.9842	1621
40.9889	1621.5
40.9937	1622
40.9984	1622.5
41.0031	1623
41.0079	1623.5
41.0126	1624
41.0173	1624.5
41.022	1625
41.0268	1625.5
41.0315	1626
41.0362	1626.5
41.0409	1627
41.0456	1627.5
41.0503	1628
41.055	1628.5
41.0597	1629
41.0643	1629.5
41.069	1630
41.0737	1630.5
41.0784	1631
41.0831	1631.5
41.0877	1632
41.0924	1632.5
41.0971	1633
41.1017	1633.5
41.1064	1634
41.111	1634.5
41.1157	1635
41.1203	1635.5
41.125	1636
41.1296	1636.5
41.1343	1637
41.1389	1637.5
41.1435	1638
41.1481	1638.5
41.1528	1639
41.1574	1639.5
41.162	1640
41.1666	1640.5
41.1712	1641
41.1758	1641.5
41.1804	1642
41.185	1642.5
41.1896	1643
41.1942	1643.5
41.1988	1644
41.2034	1644.5
41.208	1645
41.2126	1645.5
41.2172	1646
41.2217	1646.5
41.2263	1647
41.2309	1647.5
41.2354	1648
41.24	1648.5
41.2445	1649
41.2491	1649.5
41.2537	1650
41.2582	1650.5
41.2628	1651
41.2673	1651.5
41.2718	1652
41.2764	1652.5
41.2809	1653
41.2854	1653.5
41.29	1654
41.2945	1654.5
41.299	1655
41.3035	1655.5
41.308	1656
41.3125	1656.5
41.317	1657
41.3215	1657.5
41.3261	1658
41.3305	1658.5
41.335	1659
41.3395	1659.5
41.344	1660
41.3485	1660.5
41.353	1661
41.3575	1661.5
41.3619	1662
41.3664	1662.5
41.3709	1663
41.3754	1663.5
41.3798	1664
41.3843	1664.5
41.3887	1665
41.3932	1665.5
41.3976	1666
41.4021	1666.5
41.4065	1667
41.411	1667.5
41.4154	1668
41.4199	1668.5
41.4243	1669
41.4287	1669.5
41.4331	1670
41.4376	1670.5
41.442	1671
41.4464	1671.5
41.4508	1672
41.4552	1672.5
41.4596	1673
41.464	1673.5
41.4684	1674
41.4728	1674.5
41.4772	1675
41.4816	1675.5
41.486	1676
41.4904	1676.5
41.4948	1677
41.4992	1677.5
41.5036	1678
41.5079	1678.5
41.5123	1679
41.5167	1679.5
41.521	1680
41.5254	1680.5
41.5298	1681
41.5341	1681.5
41.5385	1682
41.5428	1682.5
41.5472	1683
41.5515	1683.5
41.5559	1684
41.5602	1684.5
41.5646	1685
41.5689	1685.5
41.5732	1686
41.5776	1686.5
41.5819	1687
41.5862	1687.5
41.5905	1688
41.5948	1688.5
41.5992	1689
41.6035	1689.5
41.6078	1690
41.6121	1690.5
41.6164	1691
41.6207	1691.5
41.625	1692
41.6293	1692.5
41.6336	1693
41.6379	1693.5
41.6421	1694
41.6464	1694.5
41.6507	1695
41.655	1695.5
41.6593	1696
41.6635	1696.5
41.6678	1697
41.6721	1697.5
41.6763	1698
41.6806	1698.5
41.6848	1699
41.6891	1699.5
41.6934	1700
41.6976	1700.5
41.7018	1701
41.7061	1701.5
41.7103	1702
41.7146	1702.5
41.7188	1703
41.723	1703.5
41.7273	1704
41.7315	1704.5
41.7357	1705
41.7399	1705.5
41.7442	1706
41.7484	1706.5
41.7526	1707
41.7568	1707.5
41.761	1708
41.7652	1708.5
41.7694	1709
41.7736	1709.5
41.7778	1710
41.782	1710.5
41.7862	1711
41.7904	1711.5
41.7946	1712
41.7988	1712.5
41.8029	1713
41.8071	1713.5
41.8113	1714
41.8155	1714.5
41.8196	1715
41.8238	1715.5
41.828	1716
41.8321	1716.5
41.8363	1717
41.8404	1717.5
41.8446	1718
41.8487	1718.5
41.8529	1719
41.857	1719.5
41.8612	1720
41.8653	1720.5
41.8695	1721
41.8736	1721.5
41.8777	1722
41.8819	1722.5
41.886	1723
41.8901	1723.5
41.8942	1724
41.8984	1724.5
41.9025	1725
41.9066	1725.5
41.9107	1726
41.9148	1726.5
41.9189	1727
41.923	1727.5
41.9271	1728
41.9312	1728.5
41.9353	1729
41.9394	1729.5
41.9435	1730
41.9476	1730.5
41.9517	1731
41.9558	1731.5
41.9598	1732
41.9639	1732.5
41.968	1733
41.9721	1733.5
41.9761	1734
41.9802	1734.5
41.9843	1735
41.9883	1735.5
41.9924	1736
41.9964	1736.5
42.0005	1737
42.0046	1737.5
42.0086	1738
42.0127	1738.5
42.0167	1739
42.0207	1739.5
42.0248	1740
42.0288	1740.5
42.0329	1741
42.0369	1741.5
42.0409	1742
42.0449	1742.5
42.049	1743
42.053	1743.5
42.057	1744
42.061	1744.5
42.065	1745
42.0691	1745.5
42.0731	1746
42.0771	1746.5
42.0811	1747
42.0851	1747.5
42.0891	1748
42.0931	1748.5
42.0971	1749
42.1011	1749.5
42.1051	1750
42.109	1750.5
42.113	1751
42.117	1751.5
42.121	1752
42.125	1752.5
42.1289	1753
42.1329	1753.5
42.1369	1754
42.1409	1754.5
42.1448	1755
42.1488	1755.5
42.1527	1756
42.1567	1756.5
42.1607	1757
42.1646	1757.5
42.1686	1758
42.1725	1758.5
42.1765	1759
42.1804	1759.5
42.1843	1760
42.1883	1760.5
42.1922	1761
42.1962	1761.5
42.2001	1762
42.204	1762.5
42.2079	1763
42.2119	1763.5
42.2158	1764
42.2197	1764.5
42.2236	1765
42.2276	1765.5
42.2315	1766
42.2354	1766.5
42.2393	1767
42.2432	1767.5
42.2471	1768
42.251	1768.5
42.2549	1769
42.2588	1769.5
42.2627	1770
42.2666	1770.5
42.2705	1771
42.2744	1771.5
42.2782	1772
42.2821	1772.5
42.286	1773
42.2899	1773.5
42.2938	1774
42.2976	1774.5
42.3015	1775
42.3054	1775.5
42.3092	1776
42.3131	1776.5
42.317	1777
42.3208	1777.5
42.3247	1778
42.3285	1778.5
42.3324	1779
42.3362	1779.5
42.3401	1780
42.3439	1780.5
42.3478	1781
42.3516	1781.5
42.3555	1782
42.3593	1782.5
42.3631	1783
42.367	1783.5
42.3708	1784
42.3746	1784.5
42.3784	1785
42.3823	1785.5
42.3861	1786
42.3899	1786.5
42.3937	1787
42.3975	1787.5
42.4014	1788
42.4052	1788.5
42.409	1789
42.4128	1789.5
42.4166	1790
42.4204	1790.5
42.4242	1791
42.428	1791.5
42.4318	1792
42.4356	1792.5
42.4394	1793
42.4431	1793.5
42.4469	1794
42.4507	1794.5
42.4545	1795
42.4583	1795.5
42.4621	1796
42.4658	1796.5
42.4696	1797
42.4734	1797.5
42.4771	1798
42.4809	1798.5
42.4847	1799
42.4884	1799.5
42.4922	1800
42.4959	1800.5
42.4997	1801
42.5035	1801.5
42.5072	1802
42.511	1802.5
42.5147	1803
42.5184	1803.5
42.5222	1804
42.5259	1804.5
42.5297	1805
42.5334	1805.5
42.5371	1806
42.5409	1806.5
42.5446	1807
42.5483	1807.5
42.552	1808
42.5558	1808.5
42.5595	1809
42.5632	1809.5
42.5669	1810
42.5706	1810.5
42.5744	1811
42.5781	1811.5
42.5818	1812
42.5855	1812.5
42.5892	1813
42.5929	1813.5
42.5966	1814
42.6003	1814.5
42.604	1815
42.6077	1815.5
42.6114	1816
42.615	1816.5
42.6187	1817
42.6224	1817.5
42.6261	1818
42.6298	1818.5
42.6335	1819
42.6371	1819.5
42.6408	1820
42.6445	1820.5
42.6482	1821
42.6518	1821.5
42.6555	1822
42.6592	1822.5
42.6628	1823
42.6665	1823.5
42.6701	1824
42.6738	1824.5
42.6774	1825
42.6811	1825.5
42.6848	1826
42.6884	1826.5
42.692	1827
42.6957	1827.5
42.6993	1828
42.703	1828.5
42.7066	1829
42.7102	1829.5
42.7139	1830
42.7175	1830.5
42.7211	1831
42.7248	1831.5
42.7284	1832
42.732	1832.5
42.7356	1833
42.7393	1833.5
42.7429	1834
42.7465	1834.5
42.7501	1835
42.7537	1835.5
42.7573	1836
42.7609	1836.5
42.7645	1837
42.7681	1837.5
42.7717	1838
42.7753	1838.5
42.7789	1839
42.7825	1839.5
42.7861	1840
42.7897	1840.5
42.7933	1841
42.7969	1841.5
42.8005	1842
42.8041	1842.5
42.8076	1843
42.8112	1843.5
42.8148	1844
42.8184	1844.5
42.822	1845
42.8255	1845.5
42.8291	1846
42.8327	1846.5
42.8362	1847
42.8398	1847.5
42.8434	1848
42.8469	1848.5
42.8505	1849
42.854	1849.5
42.8576	1850
42.8611	1850.5
42.8647	1851
42.8682	1851.5
42.8718	1852
42.8753	1852.5
42.8789	1853
42.8824	1853.5
42.886	1854
42.8895	1854.5
42.893	1855
42.8966	1855.5
42.9001	1856
42.9036	1856.5
42.9072	1857
42.9107	1857.5
42.9142	1858
42.9177	1858.5
42.9212	1859
42.9248	1859.5
42.9283	1860
42.9318	1860.5
42.9353	1861
42.9388	1861.5
42.9423	1862
42.9458	1862.5
42.9493	1863
42.9528	1863.5
42.9563	1864
42.9598	1864.5
42.9633	1865
42.9668	1865.5
42.9703	1866
42.9738	1866.5
42.9773	1867
42.9808	1867.5
42.9843	1868
42.9878	1868.5
42.9912	1869
42.9947	1869.5
42.9982	1870
43.0017	1870.5
43.0052	1871
43.0086	1871.5
43.0121	1872
43.0156	1872.5
43.019	1873
43.0225	1873.5
43.026	1874
43.0294	1874.5
43.0329	1875
43.0364	1875.5
43.0398	1876
43.0433	1876.5
43.0467	1877
43.0502	1877.5
43.0536	1878
43.0571	1878.5
43.0605	1879
43.064	1879.5
43.0674	1880
43.0708	1880.5
43.0743	1881
43.0777	1881.5
43.0811	1882
43.0846	1882.5
43.088	1883
43.0914	1883.5
43.0949	1884
43.0983	1884.5
43.1017	1885
43.1051	1885.5
43.1086	1886
43.112	1886.5
43.1154	1887
43.1188	1887.5
43.1222	1888
43.1256	1888.5
43.129	1889
43.1325	1889.5
43.1359	1890
43.1393	1890.5
43.1427	1891
43.1461	1891.5
43.1495	1892
43.1529	1892.5
43.1563	1893
43.1597	1893.5
43.1631	1894
43.1664	1894.5
43.1698	1895
43.1732	1895.5
43.1766	1896
43.18	1896.5
43.1834	1897
43.1867	1897.5
43.1901	1898
43.1935	1898.5
43.1969	1899
43.2003	1899.5
43.2036	1900
43.207	1900.5
43.2104	1901
43.2137	1901.5
43.2171	1902
43.2205	1902.5
43.2238	1903
43.2272	1903.5
43.2305	1904
43.2339	1904.5
43.2372	1905
43.2406	1905.5
43.2439	1906
43.2473	1906.5
43.2506	1907
43.254	1907.5
43.2573	1908
43.2607	1908.5
43.264	1909
43.2673	1909.5
43.2707	1910
43.274	1910.5
43.2774	1911
43.2807	1911.5
43.284	1912
43.2873	1912.5
43.2907	1913
43.294	1913.5
43.2973	1914
43.3006	1914.5
43.304	1915
43.3073	1915.5
43.3106	1916
43.3139	1916.5
43.3172	1917
43.3205	1917.5
43.3238	1918
43.3272	1918.5
43.3305	1919
43.3338	1919.5
43.3371	1920
43.3404	1920.5
43.3437	1921
43.347	1921.5
43.3503	1922
43.3536	1922.5
43.3569	1923
43.3601	1923.5
43.3634	1924
43.3667	1924.5
43.37	1925
43.3733	1925.5
43.3766	1926
43.3799	1926.5
43.3831	1927
43.3864	1927.5
43.3897	1928
43.393	1928.5
43.3962	1929
43.3995	1929.5
43.4028	1930
43.4061	1930.5
43.4093	1931
43.4126	1931.5
43.4159	1932
43.4191	1932.5
43.4224	1933
43.4256	1933.5
43.4289	1934
43.4322	1934.5
43.4354	1935
43.4387	1935.5
43.4419	1936
43.4452	1936.5
43.4484	1937
43.4517	1937.5
43.4549	1938
43.4581	1938.5
43.4614	1939
43.4646	1939.5
43.4679	1940
43.4711	1940.5
43.4743	1941
43.4776	1941.5
43.4808	1942
43.484	1942.5
43.4873	1943
43.4905	1943.5
43.4937	1944
43.4969	1944.5
43.5002	1945
43.5034	1945.5
43.5066	1946
43.5098	1946.5
43.513	1947
43.5162	1947.5
43.5195	1948
43.5227	1948.5
43.5259	1949
43.5291	1949.5
43.5323	1950
43.5355	1950.5
43.5387	1951
43.5419	1951.5
43.5451	1952
43.5483	1952.5
43.5515	1953
43.5547	1953.5
43.5579	1954
43.5611	1954.5
43.5643	1955
43.5675	1955.5
43.5706	1956
43.5738	1956.5
43.577	1957
43.5802	1957.5
43.5834	1958
43.5866	1958.5
43.5897	1959
43.5929	1959.5
43.5961	1960
43.5993	1960.5
43.6024	1961
43.6056	1961.5
43.6088	1962
43.612	1962.5
43.6151	1963
43.6183	1963.5
43.6214	1964
43.6246	1964.5
43.6278	1965
43.6309	1965.5
43.6341	1966
43.6372	1966.5
43.6404	1967
43.6435	1967.5
43.6467	1968
43.6498	1968.5
43.653	1969
43.6561	1969.5
43.6593	1970
43.6624	1970.5
43.6656	1971
43.6687	1971.5
43.6719	1972
43.675	1972.5
43.6781	1973
43.6813	1973.5
43.6844	1974
43.6875	1974.5
43.6907	1975
43.6938	1975.5
43.6969	1976
43.7	1976.5
43.7032	1977
43.7063	1977.5
43.7094	1978
43.7125	1978.5
43.7156	1979
43.7188	1979.5
43.7219	1980
43.725	1980.5
43.7281	1981
43.7312	1981.5
43.7343	1982
43.7374	1982.5
43.7405	1983
43.7436	1983.5
43.7467	1984
43.7498	1984.5
43.753	1985
43.756	1985.5
43.7591	1986
43.7622	1986.5
43.7653	1987
43.7684	1987.5
43.7715	1988
43.7746	1988.5
43.7777	1989
43.7808	1989.5
43.7839	1990
43.787	1990.5
43.79	1991
43.7931	1991.5
43.7962	1992
43.7993	1992.5
43.8024	1993
43.8054	1993.5
43.8085	1994
43.8116	1994.5
43.8147	1995
43.8177	1995.5
43.8208	1996
43.8239	1996.5
43.8269	1997
43.83	1997.5
43.8331	1998
43.8361	1998.5
43.8392	1999
43.8422	1999.5
43.8453	2000
43.8484	2000.5
43.8514	2001
43.8545	2001.5
43.8575	2002
43.8606	2002.5
43.8636	2003
43.8667	2003.5
43.8697	2004
43.8728	2004.5
43.8758	2005
43.8788	2005.5
43.8819	2006
43.8849	2006.5
43.888	2007
43.891	2007.5
43.894	2008
43.8971	2008.5
43.9001	2009
43.9031	2009.5
43.9062	2010
43.9092	2010.5
43.9122	2011
43.9152	2011.5
43.9183	2012
43.9213	2012.5
43.9243	2013
43.9273	2013.5
43.9303	2014
43.9334	2014.5
43.9364	2015
43.9394	2015.5
43.9424	2016
43.9454	2016.5
43.9484	2017
43.9514	2017.5
43.9544	2018
43.9574	2018.5
43.9605	2019
43.9635	2019.5
43.9665	2020
43.9695	2020.5
43.9725	2021
43.9755	2021.5
43.9784	2022
43.9814	2022.5
43.9844	2023
43.9874	2023.5
43.9904	2024
43.9934	2024.5
43.9964	2025
43.9994	2025.5
44.0024	2026
44.0054	2026.5
44.0083	2027
44.0113	2027.5
44.0143	2028
44.0173	2028.5
44.0203	2029
44.0232	2029.5
44.0262	2030
44.0292	2030.5
44.0322	2031
44.0351	2031.5
44.0381	2032
44.0411	2032.5
44.044	2033
44.047	2033.5
44.05	2034
44.0529	2034.5
44.0559	2035
44.0588	2035.5
44.0618	2036
44.0648	2036.5
44.0677	2037
44.0707	2037.5
44.0736	2038
44.0766	2038.5
44.0795	2039
44.0825	2039.5
44.0854	2040
44.0884	2040.5
44.0913	2041
44.0943	2041.5
44.0972	2042
44.1001	2042.5
44.1031	2043
44.106	2043.5
44.109	2044
44.1119	2044.5
44.1148	2045
44.1178	2045.5
44.1207	2046
44.1236	2046.5
44.1266	2047
44.1295	2047.5
44.1324	2048
44.1353	2048.5
44.1383	2049
44.1412	2049.5
44.1441	2050
44.147	2050.5
44.15	2051
44.1529	2051.5
44.1558	2052
44.1587	2052.5
44.1616	2053
44.1645	2053.5
44.1675	2054
44.1704	2054.5
44.1733	2055
44.1762	2055.5
44.1791	2056
44.182	2056.5
44.1849	2057
44.1878	2057.5
44.1907	2058
44.1936	2058.5
44.1965	2059
44.1994	2059.5
44.2023	2060
44.2052	2060.5
44.2081	2061
44.211	2061.5
44.2139	2062
44.2168	2062.5
44.2196	2063
44.2225	2063.5
44.2254	2064
44.2283	2064.5
44.2312	2065
44.2341	2065.5
44.237	2066
44.2398	2066.5
44.2427	2067
44.2456	2067.5
44.2485	2068
44.2513	2068.5
44.2542	2069
44.2571	2069.5
44.26	2070
44.2628	2070.5
44.2657	2071
44.2686	2071.5
44.2714	2072
44.2743	2072.5
44.2772	2073
44.28	2073.5
44.2829	2074
44.2857	2074.5
44.2886	2075
44.2915	2075.5
44.2943	2076
44.2972	2076.5
44.3	2077
44.3029	2077.5
44.3057	2078
44.3086	2078.5
44.3114	2079
44.3143	2079.5
44.3171	2080
44.32	2080.5
44.3228	2081
44.3257	2081.5
44.3285	2082
44.3313	2082.5
44.3342	2083
44.337	2083.5
44.3399	2084
44.3427	2084.5
44.3455	2085
44.3484	2085.5
44.3512	2086
44.354	2086.5
44.3569	2087
44.3597	2087.5
44.3625	2088
44.3653	2088.5
44.3682	2089
44.371	2089.5
44.3738	2090
44.3766	2090.5
44.3795	2091
44.3823	2091.5
44.3851	2092
44.3879	2092.5
44.3907	2093
44.3935	2093.5
44.3964	2094
44.3992	2094.5
44.402	2095
44.4048	2095.5
44.4076	2096
44.4104	2096.5
44.4132	2097
44.416	2097.5
44.4188	2098
44.4216	2098.5
44.4244	2099
44.4272	2099.5
44.43	2100
44.4328	2100.5
44.4356	2101
44.4384	2101.5
44.4412	2102
44.444	2102.5
44.4468	2103
44.4496	2103.5
44.4524	2104
44.4551	2104.5
44.4579	2105
44.4607	2105.5
44.4635	2106
44.4663	2106.5
44.4691	2107
44.4719	2107.5
44.4746	2108
44.4774	2108.5
44.4802	2109
44.483	2109.5
44.4857	2110
44.4885	2110.5
44.4913	2111
44.4941	2111.5
44.4968	2112
44.4996	2112.5
44.5024	2113
44.5051	2113.5
44.5079	2114
44.5107	2114.5
44.5134	2115
44.5162	2115.5
44.519	2116
44.5217	2116.5
44.5245	2117
44.5272	2117.5
44.53	2118
44.5327	2118.5
44.5355	2119
44.5383	2119.5
44.541	2120
44.5438	2120.5
44.5465	2121
44.5493	2121.5
44.552	2122
44.5548	2122.5
44.5575	2123
44.5602	2123.5
44.563	2124
44.5657	2124.5
44.5685	2125
44.5712	2125.5
44.5739	2126
44.5767	2126.5
44.5794	2127
44.5822	2127.5
44.5849	2128
44.5876	2128.5
44.5904	2129
44.5931	2129.5
44.5958	2130
44.5985	2130.5
44.6013	2131
44.604	2131.5
44.6067	2132
44.6094	2132.5
44.6122	2133
44.6149	2133.5
44.6176	2134
44.6203	2134.5
44.623	2135
44.6258	2135.5
44.6285	2136
44.6312	2136.5
44.6339	2137
44.6366	2137.5
44.6393	2138
44.642	2138.5
44.6448	2139
44.6475	2139.5
44.6502	2140
44.6529	2140.5
44.6556	2141
44.6583	2141.5
44.661	2142
44.6637	2142.5
44.6664	2143
44.6691	2143.5
44.6718	2144
44.6745	2144.5
44.6772	2145
44.6799	2145.5
44.6826	2146
44.6853	2146.5
44.688	2147
44.6907	2147.5
44.6933	2148
44.696	2148.5
44.6987	2149
44.7014	2149.5
44.7041	2150
44.7068	2150.5
44.7095	2151
44.7121	2151.5
44.7148	2152
44.7175	2152.5
44.7202	2153
44.7229	2153.5
44.7255	2154
44.7282	2154.5
44.7309	2155
44.7336	2155.5
44.7362	2156
44.7389	2156.5
44.7416	2157
44.7442	2157.5
44.7469	2158
44.7496	2158.5
44.7522	2159
44.7549	2159.5
44.7576	2160
44.7602	2160.5
44.7629	2161
44.7656	2161.5
44.7682	2162
44.7709	2162.5
44.7735	2163
44.7762	2163.5
44.7789	2164
44.7815	2164.5
44.7842	2165
44.7868	2165.5
44.7895	2166
44.7921	2166.5
44.7948	2167
44.7974	2167.5
44.8001	2168
44.8027	2168.5
44.8053	2169
44.808	2169.5
44.8106	2170
44.8133	2170.5
44.8159	2171
44.8186	2171.5
44.8212	2172
44.8238	2172.5
44.8265	2173
44.8291	2173.5
44.8317	2174
44.8344	2174.5
44.837	2175
44.8396	2175.5
44.8423	2176
44.8449	2176.5
44.8475	2177
44.8502	2177.5
44.8528	2178
44.8554	2178.5
44.858	2179
44.8607	2179.5
44.8633	2180
44.8659	2180.5
44.8685	2181
44.8711	2181.5
44.8738	2182
44.8764	2182.5
44.879	2183
44.8816	2183.5
44.8842	2184
44.8868	2184.5
44.8894	2185
44.8921	2185.5
44.8947	2186
44.8973	2186.5
44.8999	2187
44.9025	2187.5
44.9051	2188
44.9077	2188.5
44.9103	2189
44.9129	2189.5
44.9155	2190
44.9181	2190.5
44.9207	2191
44.9233	2191.5
44.9259	2192
44.9285	2192.5
44.9311	2193
44.9337	2193.5
44.9363	2194
44.9389	2194.5
44.9415	2195
44.9441	2195.5
44.9466	2196
44.9492	2196.5
44.9518	2197
44.9544	2197.5
44.957	2198
44.9596	2198.5
44.9622	2199
44.9647	2199.5
44.9673	2200
44.9699	2200.5
44.9725	2201
44.9751	2201.5
44.9776	2202
44.9802	2202.5
44.9828	2203
44.9854	2203.5
44.9879	2204
44.9905	2204.5
44.9931	2205
44.9957	2205.5
44.9982	2206
45.0008	2206.5
45.0034	2207
45.0059	2207.5
45.0085	2208
45.0111	2208.5
45.0136	2209
45.0162	2209.5
45.0187	2210
45.0213	2210.5
45.0239	2211
45.0264	2211.5
45.029	2212
45.0315	2212.5
45.0341	2213
45.0367	2213.5
45.0392	2214
45.0418	2214.5
45.0443	2215
45.0469	2215.5
45.0494	2216
45.052	2216.5
45.0545	2217
45.0571	2217.5
45.0596	2218
45.0621	2218.5
45.0647	2219
45.0672	2219.5
45.0698	2220
45.0723	2220.5
45.0749	2221
45.0774	2221.5
45.0799	2222
45.0825	2222.5
45.085	2223
45.0875	2223.5
45.0901	2224
45.0926	2224.5
45.0951	2225
45.0977	2225.5
45.1002	2226
45.1027	2226.5
45.1053	2227
45.1078	2227.5
45.1103	2228
45.1128	2228.5
45.1154	2229
45.1179	2229.5
45.1204	2230
45.1229	2230.5
45.1255	2231
45.128	2231.5
45.1305	2232
45.133	2232.5
45.1355	2233
45.1381	2233.5
45.1406	2234
45.1431	2234.5
45.1456	2235
45.1481	2235.5
45.1506	2236
45.1531	2236.5
45.1556	2237
45.1582	2237.5
45.1607	2238
45.1632	2238.5
45.1657	2239
45.1682	2239.5
45.1707	2240
45.1732	2240.5
45.1757	2241
45.1782	2241.5
45.1807	2242
45.1832	2242.5
45.1857	2243
45.1882	2243.5
45.1907	2244
45.1932	2244.5
45.1957	2245
45.1982	2245.5
45.2007	2246
45.2031	2246.5
45.2056	2247
45.2081	2247.5
45.2106	2248
45.2131	2248.5
45.2156	2249
45.2181	2249.5
45.2206	2250
45.2231	2250.5
45.2255	2251
45.228	2251.5
45.2305	2252
45.233	2252.5
45.2355	2253
45.2379	2253.5
45.2404	2254
45.2429	2254.5
45.2454	2255
45.2478	2255.5
45.2503	2256
45.2528	2256.5
45.2553	2257
45.2577	2257.5
45.2602	2258
45.2627	2258.5
45.2651	2259
45.2676	2259.5
45.2701	2260
45.2726	2260.5
45.275	2261
45.2775	2261.5
45.2799	2262
45.2824	2262.5
45.2849	2263
45.2873	2263.5
45.2898	2264
45.2922	2264.5
45.2947	2265
45.2972	2265.5
45.2996	2266
45.3021	2266.5
45.3045	2267
45.307	2267.5
45.3094	2268
45.3119	2268.5
45.3143	2269
45.3168	2269.5
45.3192	2270
45.3217	2270.5
45.3241	2271
45.3266	2271.5
45.329	2272
45.3315	2272.5
45.3339	2273
45.3364	2273.5
45.3388	2274
45.3412	2274.5
45.3437	2275
45.3461	2275.5
45.3486	2276
45.351	2276.5
45.3534	2277
45.3559	2277.5
45.3583	2278
45.3607	2278.5
45.3632	2279
45.3656	2279.5
45.368	2280
45.3705	2280.5
45.3729	2281
45.3753	2281.5
45.3778	2282
45.3802	2282.5
45.3826	2283
45.385	2283.5
45.3875	2284
45.3899	2284.5
45.3923	2285
45.3947	2285.5
45.3971	2286
45.3996	2286.5
45.402	2287
45.4044	2287.5
45.4068	2288
45.4092	2288.5
45.4117	2289
45.4141	2289.5
45.4165	2290
45.4189	2290.5
45.4213	2291
45.4237	2291.5
45.4261	2292
45.4285	2292.5
45.4309	2293
45.4334	2293.5
45.4358	2294
45.4382	2294.5
45.4406	2295
45.443	2295.5
45.4454	2296
45.4478	2296.5
45.4502	2297
45.4526	2297.5
45.455	2298
45.4574	2298.5
45.4598	2299
45.4622	2299.5
45.4646	2300
45.467	2300.5
45.4694	2301
45.4718	2301.5
45.4742	2302
45.4765	2302.5
45.4789	2303
45.4813	2303.5
45.4837	2304
45.4861	2304.5
45.4885	2305
45.4909	2305.5
45.4933	2306
45.4957	2306.5
45.498	2307
45.5004	2307.5
45.5028	2308
45.5052	2308.5
45.5076	2309
45.51	2309.5
45.5123	2310
45.5147	2310.5
45.5171	2311
45.5195	2311.5
45.5218	2312
45.5242	2312.5
45.5266	2313
45.529	2313.5
45.5313	2314
45.5337	2314.5
45.5361	2315
45.5385	2315.5
45.5408	2316
45.5432	2316.5
45.5456	2317
45.5479	2317.5
45.5503	2318
45.5527	2318.5
45.555	2319
45.5574	2319.5
45.5597	2320
45.5621	2320.5
45.5645	2321
45.5668	2321.5
45.5692	2322
45.5715	2322.5
45.5739	2323
45.5763	2323.5
45.5786	2324
45.581	2324.5
45.5833	2325
45.5857	2325.5
45.588	2326
45.5904	2326.5
45.5927	2327
45.5951	2327.5
45.5974	2328
45.5998	2328.5
45.6021	2329
45.6045	2329.5
45.6068	2330
45.6092	2330.5
45.6115	2331
45.6139	2331.5
45.6162	2332
45.6186	2332.5
45.6209	2333
45.6232	2333.5
45.6256	2334
45.6279	2334.5
45.6303	2335
45.6326	2335.5
45.6349	2336
45.6373	2336.5
45.6396	2337
45.6419	2337.5
45.6443	2338
45.6466	2338.5
45.6489	2339
45.6513	2339.5
45.6536	2340
45.6559	2340.5
45.6582	2341
45.6606	2341.5
45.6629	2342
45.6652	2342.5
45.6676	2343
45.6699	2343.5
45.6722	2344
45.6745	2344.5
45.6768	2345
45.6792	2345.5
45.6815	2346
45.6838	2346.5
45.6861	2347
45.6884	2347.5
45.6908	2348
45.6931	2348.5
45.6954	2349
45.6977	2349.5
45.7	2350
45.7023	2350.5
45.7047	2351
45.707	2351.5
45.7093	2352
45.7116	2352.5
45.7139	2353
45.7162	2353.5
45.7185	2354
45.7208	2354.5
45.7231	2355
45.7254	2355.5
45.7277	2356
45.73	2356.5
45.7323	2357
45.7346	2357.5
45.7369	2358
45.7392	2358.5
45.7415	2359
45.7438	2359.5
45.7461	2360
45.7484	2360.5
45.7507	2361
45.753	2361.5
45.7553	2362
45.7576	2362.5
45.7599	2363
45.7622	2363.5
45.7645	2364
45.7668	2364.5
45.7691	2365
45.7714	2365.5
45.7737	2366
45.776	2366.5
45.7782	2367
45.7805	2367.5
45.7828	2368
45.7851	2368.5
45.7874	2369
45.7897	2369.5
45.7919	2370
45.7942	2370.5
45.7965	2371
45.7988	2371.5
45.8011	2372
45.8033	2372.5
45.8056	2373
45.8079	2373.5
45.8102	2374
45.8125	2374.5
45.8147	2375
45.817	2375.5
45.8193	2376
45.8216	2376.5
45.8238	2377
45.8261	2377.5
45.8284	2378
45.8306	2378.5
45.8329	2379
45.8352	2379.5
45.8374	2380
45.8397	2380.5
45.842	2381
45.8442	2381.5
45.8465	2382
45.8488	2382.5
45.851	2383
45.8533	2383.5
45.8556	2384
45.8578	2384.5
45.8601	2385
45.8623	2385.5
45.8646	2386
45.8668	2386.5
45.8691	2387
45.8714	2387.5
45.8736	2388
45.8759	2388.5
45.8781	2389
45.8804	2389.5
45.8826	2390
45.8849	2390.5
45.8871	2391
45.8894	2391.5
45.8916	2392
45.8939	2392.5
45.8961	2393
45.8984	2393.5
45.9006	2394
45.9029	2394.5
45.9051	2395
45.9074	2395.5
45.9096	2396
45.9118	2396.5
45.9141	2397
45.9163	2397.5
45.9186	2398
45.9208	2398.5
45.923	2399
45.9253	2399.5
45.9275	2400
45.9298	2400.5
45.932	2401
45.9342	2401.5
45.9365	2402
45.9387	2402.5
45.9409	2403
45.9432	2403.5
45.9454	2404
45.9476	2404.5
45.9499	2405
45.9521	2405.5
45.9543	2406
45.9565	2406.5
45.9588	2407
45.961	2407.5
45.9632	2408
45.9654	2408.5
45.9677	2409
45.9699	2409.5
45.9721	2410
45.9743	2410.5
45.9766	2411
45.9788	2411.5
45.981	2412
45.9832	2412.5
45.9854	2413
45.9877	2413.5
45.9899	2414
45.9921	2414.5
45.9943	2415
45.9965	2415.5
45.9987	2416
46.0009	2416.5
46.0032	2417
46.0054	2417.5
46.0076	2418
46.0098	2418.5
46.012	2419
46.0142	2419.5
46.0164	2420
46.0186	2420.5
46.0208	2421
46.023	2421.5
46.0252	2422
46.0274	2422.5
46.0296	2423
46.0319	2423.5
46.0341	2424
46.0363	2424.5
46.0385	2425
46.0407	2425.5
46.0429	2426
46.0451	2426.5
46.0473	2427
46.0494	2427.5
46.0516	2428
46.0538	2428.5
46.056	2429
46.0582	2429.5
46.0604	2430
46.0626	2430.5
46.0648	2431
46.067	2431.5
46.0692	2432
46.0714	2432.5
46.0736	2433
46.0758	2433.5
46.078	2434
46.0801	2434.5
46.0823	2435
46.0845	2435.5
46.0867	2436
46.0889	2436.5
46.0911	2437
46.0932	2437.5
46.0954	2438
46.0976	2438.5
46.0998	2439
46.102	2439.5
46.1042	2440
46.1063	2440.5
46.1085	2441
46.1107	2441.5
46.1129	2442
46.115	2442.5
46.1172	2443
46.1194	2443.5
46.1216	2444
46.1237	2444.5
46.1259	2445
46.1281	2445.5
46.1303	2446
46.1324	2446.5
46.1346	2447
46.1368	2447.5
46.1389	2448
46.1411	2448.5
46.1433	2449
46.1454	2449.5
46.1476	2450
46.1498	2450.5
46.1519	2451
46.1541	2451.5
46.1563	2452
46.1584	2452.5
46.1606	2453
46.1627	2453.5
46.1649	2454
46.1671	2454.5
46.1692	2455
46.1714	2455.5
46.1735	2456
46.1757	2456.5
46.1778	2457
46.18	2457.5
46.1822	2458
46.1843	2458.5
46.1865	2459
46.1886	2459.5
46.1908	2460
46.1929	2460.5
46.1951	2461
46.1972	2461.5
46.1994	2462
46.2015	2462.5
46.2037	2463
46.2058	2463.5
46.208	2464
46.2101	2464.5
46.2123	2465
46.2144	2465.5
46.2165	2466
46.2187	2466.5
46.2208	2467
46.223	2467.5
46.2251	2468
46.2273	2468.5
46.2294	2469
46.2315	2469.5
46.2337	2470
46.2358	2470.5
46.2379	2471
46.2401	2471.5
46.2422	2472
46.2444	2472.5
46.2465	2473
46.2486	2473.5
46.2508	2474
46.2529	2474.5
46.255	2475
46.2571	2475.5
46.2593	2476
46.2614	2476.5
46.2635	2477
46.2657	2477.5
46.2678	2478
46.2699	2478.5
46.272	2479
46.2742	2479.5
46.2763	2480
46.2784	2480.5
46.2805	2481
46.2827	2481.5
46.2848	2482
46.2869	2482.5
46.289	2483
46.2912	2483.5
46.2933	2484
46.2954	2484.5
46.2975	2485
46.2996	2485.5
46.3017	2486
46.3039	2486.5
46.306	2487
46.3081	2487.5
46.3102	2488
46.3123	2488.5
46.3144	2489
46.3165	2489.5
46.3187	2490
46.3208	2490.5
46.3229	2491
46.325	2491.5
46.3271	2492
46.3292	2492.5
46.3313	2493
46.3334	2493.5
46.3355	2494
46.3376	2494.5
46.3397	2495
46.3418	2495.5
46.3439	2496
46.3461	2496.5
46.3482	2497
46.3503	2497.5
46.3524	2498
46.3545	2498.5
46.3566	2499
46.3587	2499.5
46.3608	2500
46.3629	2500.5
46.365	2501
46.367	2501.5
46.3691	2502
46.3712	2502.5
46.3733	2503
46.3754	2503.5
46.3775	2504
46.3796	2504.5
46.3817	2505
46.3838	2505.5
46.3859	2506
46.388	2506.5
46.3901	2507
46.3922	2507.5
46.3942	2508
46.3963	2508.5
46.3984	2509
46.4005	2509.5
46.4026	2510
46.4047	2510.5
46.4068	2511
46.4089	2511.5
46.4109	2512
46.413	2512.5
46.4151	2513
46.4172	2513.5
46.4193	2514
46.4213	2514.5
46.4234	2515
46.4255	2515.5
46.4276	2516
46.4297	2516.5
46.4317	2517
46.4338	2517.5
46.4359	2518
46.438	2518.5
46.44	2519
46.4421	2519.5
46.4442	2520
46.4463	2520.5
46.4483	2521
46.4504	2521.5
46.4525	2522
46.4545	2522.5
46.4566	2523
46.4587	2523.5
46.4607	2524
46.4628	2524.5
46.4649	2525
46.4669	2525.5
46.469	2526
46.4711	2526.5
46.4731	2527
46.4752	2527.5
46.4773	2528
46.4793	2528.5
46.4814	2529
46.4835	2529.5
46.4855	2530
46.4876	2530.5
46.4896	2531
46.4917	2531.5
46.4937	2532
46.4958	2532.5
46.4979	2533
46.4999	2533.5
46.502	2534
46.504	2534.5
46.5061	2535
46.5081	2535.5
46.5102	2536
46.5122	2536.5
46.5143	2537
46.5163	2537.5
46.5184	2538
46.5204	2538.5
46.5225	2539
46.5245	2539.5
46.5266	2540
46.5286	2540.5
46.5307	2541
46.5327	2541.5
46.5348	2542
46.5368	2542.5
46.5389	2543
46.5409	2543.5
46.543	2544
46.545	2544.5
46.547	2545
46.5491	2545.5
46.5511	2546
46.5532	2546.5
46.5552	2547
46.5572	2547.5
46.5593	2548
46.5613	2548.5
46.5634	2549
46.5654	2549.5
46.5674	2550
46.5695	2550.5
46.5715	2551
46.5735	2551.5
46.5756	2552
46.5776	2552.5
46.5796	2553
46.5817	2553.5
46.5837	2554
46.5857	2554.5
46.5878	2555
46.5898	2555.5
46.5918	2556
46.5938	2556.5
46.5959	2557
46.5979	2557.5
46.5999	2558
46.6019	2558.5
46.604	2559
46.606	2559.5
46.608	2560
46.61	2560.5
46.6121	2561
46.6141	2561.5
46.6161	2562
46.6181	2562.5
46.6202	2563
46.6222	2563.5
46.6242	2564
46.6262	2564.5
46.6282	2565
46.6302	2565.5
46.6323	2566
46.6343	2566.5
46.6363	2567
46.6383	2567.5
46.6403	2568
46.6423	2568.5
46.6443	2569
46.6464	2569.5
46.6484	2570
46.6504	2570.5
46.6524	2571
46.6544	2571.5
46.6564	2572
46.6584	2572.5
46.6604	2573
46.6624	2573.5
46.6644	2574
46.6665	2574.5
46.6685	2575
46.6705	2575.5
46.6725	2576
46.6745	2576.5
46.6765	2577
46.6785	2577.5
46.6805	2578
46.6825	2578.5
46.6845	2579
46.6865	2579.5
46.6885	2580
46.6905	2580.5
46.6925	2581
46.6945	2581.5
46.6965	2582
46.6985	2582.5
46.7005	2583
46.7025	2583.5
46.7045	2584
46.7065	2584.5
46.7085	2585
46.7105	2585.5
46.7124	2586
46.7144	2586.5
46.7164	2587
46.7184	2587.5
46.7204	2588
46.7224	2588.5
46.7244	2589
46.7264	2589.5
46.7284	2590
46.7304	2590.5
46.7323	2591
46.7343	2591.5
46.7363	2592
46.7383	2592.5
46.7403	2593
46.7423	2593.5
46.7443	2594
46.7462	2594.5
46.7482	2595
46.7502	2595.5
46.7522	2596
46.7542	2596.5
46.7561	2597
46.7581	2597.5
46.7601	2598
46.7621	2598.5
46.7641	2599
46.766	2599.5
46.768	2600
46.77	2600.5
46.772	2601
46.7739	2601.5
46.7759	2602
46.7779	2602.5
46.7799	2603
46.7818	2603.5
46.7838	2604
46.7858	2604.5
46.7878	2605
46.7897	2605.5
46.7917	2606
46.7937	2606.5
46.7956	2607
46.7976	2607.5
46.7996	2608
46.8015	2608.5
46.8035	2609
46.8055	2609.5
46.8074	2610
46.8094	2610.5
46.8114	2611
46.8133	2611.5
46.8153	2612
46.8173	2612.5
46.8192	2613
46.8212	2613.5
46.8231	2614
46.8251	2614.5
46.8271	2615
46.829	2615.5
46.831	2616
46.8329	2616.5
46.8349	2617
46.8369	2617.5
46.8388	2618
46.8408	2618.5
46.8427	2619
46.8447	2619.5
46.8466	2620
46.8486	2620.5
46.8505	2621
46.8525	2621.5
46.8544	2622
46.8564	2622.5
46.8583	2623
46.8603	2623.5
46.8622	2624
46.8642	2624.5
46.8661	2625
46.8681	2625.5
46.87	2626
46.872	2626.5
46.8739	2627
46.8759	2627.5
46.8778	2628
46.8798	2628.5
46.8817	2629
46.8837	2629.5
46.8856	2630
46.8875	2630.5
46.8895	2631
46.8914	2631.5
46.8934	2632
46.8953	2632.5
46.8973	2633
46.8992	2633.5
46.9011	2634
46.9031	2634.5
46.905	2635
46.9069	2635.5
46.9089	2636
46.9108	2636.5
46.9128	2637
46.9147	2637.5
46.9166	2638
46.9186	2638.5
46.9205	2639
46.9224	2639.5
46.9244	2640
46.9263	2640.5
46.9282	2641
46.9301	2641.5
46.9321	2642
46.934	2642.5
46.9359	2643
46.9379	2643.5
46.9398	2644
46.9417	2644.5
46.9436	2645
46.9456	2645.5
46.9475	2646
46.9494	2646.5
46.9513	2647
46.9533	2647.5
46.9552	2648
46.9571	2648.5
46.959	2649
46.961	2649.5
46.9629	2650
46.9648	2650.5
46.9667	2651
46.9686	2651.5
46.9706	2652
46.9725	2652.5
46.9744	2653
46.9763	2653.5
46.9782	2654
46.9802	2654.5
46.9821	2655
46.984	2655.5
46.9859	2656
46.9878	2656.5
46.9897	2657
46.9916	2657.5
46.9936	2658
46.9955	2658.5
46.9974	2659
46.9993	2659.5
47.0012	2660
47.0031	2660.5
47.005	2661
47.0069	2661.5
47.0088	2662
47.0107	2662.5
47.0127	2663
47.0146	2663.5
47.0165	2664
47.0184	2664.5
47.0203	2665
47.0222	2665.5
47.0241	2666
47.026	2666.5
47.0279	2667
47.0298	2667.5
47.0317	2668
47.0336	2668.5
47.0355	2669
47.0374	2669.5
47.0393	2670
47.0412	2670.5
47.0431	2671
47.045	2671.5
47.0469	2672
47.0488	2672.5
47.0507	2673
47.0526	2673.5
47.0545	2674
47.0564	2674.5
47.0583	2675
47.0602	2675.5
47.0621	2676
47.064	2676.5
47.0659	2677
47.0677	2677.5
47.0696	2678
47.0715	2678.5
47.0734	2679
47.0753	2679.5
47.0772	2680
47.0791	2680.5
47.081	2681
47.0829	2681.5
47.0848	2682
47.0866	2682.5
47.0885	2683
47.0904	2683.5
47.0923	2684
47.0942	2684.5
47.0961	2685
47.098	2685.5
47.0998	2686
47.1017	2686.5
47.1036	2687
47.1055	2687.5
47.1074	2688
47.1092	2688.5
47.1111	2689
47.113	2689.5
47.1149	2690
47.1168	2690.5
47.1186	2691
47.1205	2691.5
47.1224	2692
47.1243	2692.5
47.1262	2693
47.128	2693.5
47.1299	2694
47.1318	2694.5
47.1337	2695
47.1355	2695.5
47.1374	2696
47.1393	2696.5
47.1411	2697
47.143	2697.5
47.1449	2698
47.1468	2698.5
47.1486	2699
47.1505	2699.5
47.1524	2700
47.1542	2700.5
47.1561	2701
47.158	2701.5
47.1598	2702
47.1617	2702.5
47.1636	2703
47.1654	2703.5
47.1673	2704
47.1692	2704.5
47.171	2705
47.1729	2705.5
47.1748	2706
47.1766	2706.5
47.1785	2707
47.1803	2707.5
47.1822	2708
47.1841	2708.5
47.1859	2709
47.1878	2709.5
47.1896	2710
47.1915	2710.5
47.1934	2711
47.1952	2711.5
47.1971	2712
47.1989	2712.5
47.2008	2713
47.2026	2713.5
47.2045	2714
47.2064	2714.5
47.2082	2715
47.2101	2715.5
47.2119	2716
47.2138	2716.5
47.2156	2717
47.2175	2717.5
47.2193	2718
47.2212	2718.5
47.223	2719
47.2249	2719.5
47.2267	2720
47.2286	2720.5
47.2304	2721
47.2323	2721.5
47.2341	2722
47.236	2722.5
47.2378	2723
47.2397	2723.5
47.2415	2724
47.2433	2724.5
47.2452	2725
47.247	2725.5
47.2489	2726
47.2507	2726.5
47.2526	2727
47.2544	2727.5
47.2562	2728
47.2581	2728.5
47.2599	2729
47.2618	2729.5
47.2636	2730
47.2654	2730.5
47.2673	2731
47.2691	2731.5
47.271	2732
47.2728	2732.5
47.2746	2733
47.2765	2733.5
47.2783	2734
47.2801	2734.5
47.282	2735
47.2838	2735.5
47.2856	2736
47.2875	2736.5
47.2893	2737
47.2911	2737.5
47.293	2738
47.2948	2738.5
47.2966	2739
47.2985	2739.5
47.3003	2740
47.3021	2740.5
47.3039	2741
47.3058	2741.5
47.3076	2742
47.3094	2742.5
47.3112	2743
47.3131	2743.5
47.3149	2744
47.3167	2744.5
47.3186	2745
47.3204	2745.5
47.3222	2746
47.324	2746.5
47.3258	2747
47.3277	2747.5
47.3295	2748
47.3313	2748.5
47.3331	2749
47.335	2749.5
47.3368	2750
47.3386	2750.5
47.3404	2751
47.3422	2751.5
47.344	2752
47.3459	2752.5
47.3477	2753
47.3495	2753.5
47.3513	2754
47.3531	2754.5
47.3549	2755
47.3568	2755.5
47.3586	2756
47.3604	2756.5
47.3622	2757
47.364	2757.5
47.3658	2758
47.3676	2758.5
47.3694	2759
47.3713	2759.5
47.3731	2760
47.3749	2760.5
47.3767	2761
47.3785	2761.5
47.3803	2762
47.3821	2762.5
47.3839	2763
47.3857	2763.5
47.3875	2764
47.3893	2764.5
47.3911	2765
47.3929	2765.5
47.3948	2766
47.3966	2766.5
47.3984	2767
47.4002	2767.5
47.402	2768
47.4038	2768.5
47.4056	2769
47.4074	2769.5
47.4092	2770
47.411	2770.5
47.4128	2771
47.4146	2771.5
47.4164	2772
47.4182	2772.5
47.42	2773
47.4218	2773.5
47.4236	2774
47.4254	2774.5
47.4272	2775
47.4289	2775.5
47.4307	2776
47.4325	2776.5
47.4343	2777
47.4361	2777.5
47.4379	2778
47.4397	2778.5
47.4415	2779
47.4433	2779.5
47.4451	2780
47.4469	2780.5
47.4487	2781
47.4505	2781.5
47.4522	2782
47.454	2782.5
47.4558	2783
47.4576	2783.5
47.4594	2784
47.4612	2784.5
47.463	2785
47.4648	2785.5
47.4666	2786
47.4683	2786.5
47.4701	2787
47.4719	2787.5
47.4737	2788
47.4755	2788.5
47.4773	2789
47.479	2789.5
47.4808	2790
47.4826	2790.5
47.4844	2791
47.4862	2791.5
47.4879	2792
47.4897	2792.5
47.4915	2793
47.4933	2793.5
47.4951	2794
47.4968	2794.5
47.4986	2795
47.5004	2795.5
47.5022	2796
47.5039	2796.5
47.5057	2797
47.5075	2797.5
47.5093	2798
47.511	2798.5
47.5128	2799
47.5146	2799.5
47.5164	2800
47.5181	2800.5
47.5199	2801
47.5217	2801.5
47.5235	2802
47.5252	2802.5
47.527	2803
47.5288	2803.5
47.5305	2804
47.5323	2804.5
47.5341	2805
47.5358	2805.5
47.5376	2806
47.5394	2806.5
47.5411	2807
47.5429	2807.5
47.5447	2808
47.5464	2808.5
47.5482	2809
47.55	2809.5
47.5517	2810
47.5535	2810.5
47.5553	2811
47.557	2811.5
47.5588	2812
47.5605	2812.5
47.5623	2813
47.5641	2813.5
47.5658	2814
47.5676	2814.5
47.5694	2815
47.5711	2815.5
47.5729	2816
47.5746	2816.5
47.5764	2817
47.5781	2817.5
47.5799	2818
47.5817	2818.5
47.5834	2819
47.5852	2819.5
47.5869	2820
47.5887	2820.5
47.5904	2821
47.5922	2821.5
47.5939	2822
47.5957	2822.5
47.5974	2823
47.5992	2823.5
47.6009	2824
47.6027	2824.5
47.6044	2825
47.6062	2825.5
47.6079	2826
47.6097	2826.5
47.6114	2827
47.6132	2827.5
47.6149	2828
47.6167	2828.5
47.6184	2829
47.6202	2829.5
47.6219	2830
47.6237	2830.5
47.6254	2831
47.6272	2831.5
47.6289	2832
47.6307	2832.5
47.6324	2833
47.6341	2833.5
47.6359	2834
47.6376	2834.5
47.6394	2835
47.6411	2835.5
47.6429	2836
47.6446	2836.5
47.6463	2837
47.6481	2837.5
47.6498	2838
47.6516	2838.5
47.6533	2839
47.655	2839.5
47.6568	2840
47.6585	2840.5
47.6602	2841
47.662	2841.5
47.6637	2842
47.6654	2842.5
47.6672	2843
47.6689	2843.5
47.6706	2844
47.6724	2844.5
47.6741	2845
47.6758	2845.5
47.6776	2846
47.6793	2846.5
47.681	2847
47.6828	2847.5
47.6845	2848
47.6862	2848.5
47.688	2849
47.6897	2849.5
47.6914	2850
47.6932	2850.5
47.6949	2851
47.6966	2851.5
47.6983	2852
47.7001	2852.5
47.7018	2853
47.7035	2853.5
47.7052	2854
47.707	2854.5
47.7087	2855
47.7104	2855.5
47.7121	2856
47.7139	2856.5
47.7156	2857
47.7173	2857.5
47.719	2858
47.7207	2858.5
47.7225	2859
47.7242	2859.5
47.7259	2860
47.7276	2860.5
47.7293	2861
47.7311	2861.5
47.7328	2862
47.7345	2862.5
47.7362	2863
47.7379	2863.5
47.7397	2864
47.7414	2864.5
47.7431	2865
47.7448	2865.5
47.7465	2866
47.7482	2866.5
47.7499	2867
47.7517	2867.5
47.7534	2868
47.7551	2868.5
47.7568	2869
47.7585	2869.5
47.7602	2870
47.7619	2870.5
47.7636	2871
47.7654	2871.5
47.7671	2872
47.7688	2872.5
47.7705	2873
47.7722	2873.5
47.7739	2874
47.7756	2874.5
47.7773	2875
47.779	2875.5
47.7807	2876
47.7824	2876.5
47.7841	2877
47.7859	2877.5
47.7876	2878
47.7893	2878.5
47.791	2879
47.7927	2879.5
47.7944	2880
47.7961	2880.5
47.7978	2881
47.7995	2881.5
47.8012	2882
47.8029	2882.5
47.8046	2883
47.8063	2883.5
47.808	2884
47.8097	2884.5
47.8114	2885
47.8131	2885.5
47.8148	2886
47.8165	2886.5
47.8182	2887
47.8199	2887.5
47.8216	2888
47.8233	2888.5
47.825	2889
47.8267	2889.5
47.8284	2890
47.83	2890.5
47.8317	2891
47.8334	2891.5
47.8351	2892
47.8368	2892.5
47.8385	2893
47.8402	2893.5
47.8419	2894
47.8436	2894.5
47.8453	2895
47.847	2895.5
47.8487	2896
47.8504	2896.5
47.852	2897
47.8537	2897.5
47.8554	2898
47.8571	2898.5
47.8588	2899
47.8605	2899.5
47.8622	2900
47.8639	2900.5
47.8655	2901
47.8672	2901.5
47.8689	2902
47.8706	2902.5
47.8723	2903
47.874	2903.5
47.8757	2904
47.8773	2904.5
47.879	2905
47.8807	2905.5
47.8824	2906
47.8841	2906.5
47.8857	2907
47.8874	2907.5
47.8891	2908
47.8908	2908.5
47.8925	2909
47.8941	2909.5
47.8958	2910
47.8975	2910.5
47.8992	2911
47.9009	2911.5
47.9025	2912
47.9042	2912.5
47.9059	2913
47.9076	2913.5
47.9092	2914
47.9109	2914.5
47.9126	2915
47.9143	2915.5
47.9159	2916
47.9176	2916.5
47.9193	2917
47.921	2917.5
47.9226	2918
47.9243	2918.5
47.926	2919
47.9276	2919.5
47.9293	2920
47.931	2920.5
47.9327	2921
47.9343	2921.5
47.936	2922
47.9377	2922.5
47.9393	2923
47.941	2923.5
47.9427	2924
47.9443	2924.5
47.946	2925
47.9477	2925.5
47.9493	2926
47.951	2926.5
47.9527	2927
47.9543	2927.5
47.956	2928
47.9577	2928.5
47.9593	2929
47.961	2929.5
47.9626	2930
47.9643	2930.5
47.966	2931
47.9676	2931.5
47.9693	2932
47.9709	2932.5
47.9726	2933
47.9743	2933.5
47.9759	2934
47.9776	2934.5
47.9792	2935
47.9809	2935.5
47.9826	2936
47.9842	2936.5
47.9859	2937
47.9875	2937.5
47.9892	2938
47.9908	2938.5
47.9925	2939
47.9942	2939.5
47.9958	2940
47.9975	2940.5
47.9991	2941
48.0008	2941.5
48.0024	2942
48.0041	2942.5
48.0057	2943
48.0074	2943.5
48.009	2944
48.0107	2944.5
48.0123	2945
48.014	2945.5
48.0156	2946
48.0173	2946.5
48.0189	2947
48.0206	2947.5
48.0222	2948
48.0239	2948.5
48.0255	2949
48.0272	2949.5
48.0288	2950
48.0305	2950.5
48.0321	2951
48.0338	2951.5
48.0354	2952
48.0371	2952.5
48.0387	2953
48.0403	2953.5
48.042	2954
48.0436	2954.5
48.0453	2955
48.0469	2955.5
48.0486	2956
48.0502	2956.5
48.0518	2957
48.0535	2957.5
48.0551	2958
48.0568	2958.5
48.0584	2959
48.06	2959.5
48.0617	2960
48.0633	2960.5
48.065	2961
48.0666	2961.5
48.0682	2962
48.0699	2962.5
48.0715	2963
48.0732	2963.5
48.0748	2964
48.0764	2964.5
48.0781	2965
48.0797	2965.5
48.0813	2966
48.083	2966.5
48.0846	2967
48.0862	2967.5
48.0879	2968
48.0895	2968.5
48.0911	2969
48.0928	2969.5
48.0944	2970
48.096	2970.5
48.0977	2971
48.0993	2971.5
48.1009	2972
48.1025	2972.5
48.1042	2973
48.1058	2973.5
48.1074	2974
48.1091	2974.5
48.1107	2975
48.1123	2975.5
48.1139	2976
48.1156	2976.5
48.1172	2977
48.1188	2977.5
48.1204	2978
48.1221	2978.5
48.1237	2979
48.1253	2979.5
48.1269	2980
48.1286	2980.5
48.1302	2981
48.1318	2981.5
48.1334	2982
48.1351	2982.5
48.1367	2983
48.1383	2983.5
48.1399	2984
48.1415	2984.5
48.1432	2985
48.1448	2985.5
48.1464	2986
48.148	2986.5
48.1496	2987
48.1513	2987.5
48.1529	2988
48.1545	2988.5
48.1561	2989
48.1577	2989.5
48.1593	2990
48.161	2990.5
48.1626	2991
48.1642	2991.5
48.1658	2992
48.1674	2992.5
48.169	2993
48.1707	2993.5
48.1723	2994
48.1739	2994.5
48.1755	2995
48.1771	2995.5
48.1787	2996
48.1803	2996.5
48.1819	2997
48.1835	2997.5
48.1852	2998
48.1868	2998.5
48.1884	2999
48.19	2999.5
48.1916	3000
